VARIABLES= X,Y,u,v,pre
ZONE I=21,J=81,T=TT
1,1,0,0,1.0002
2,1,0,0,0
3,1,0,0,0
4,1,0,0,0
5,1,0,0,0
6,1,0,0,0
7,1,0,0,0
8,1,0,0,0
9,1,0,0,0
10,1,0,0,0
11,1,0,0,0
12,1,0,0,0
13,1,0,0,0
14,1,0,0,0
15,1,0,0,0
16,1,0,0,0
17,1,0,0,0
18,1,0,0,0
19,1,0,0,0
20,1,0,0,0
21,1,0,0,1
1,2,0.00118,1.94289e-16,1.0002
2,2,0.00118,2.91434e-16,1.00019
3,2,0.00118,1.38778e-17,1.00018
4,2,0.00118,-3.19189e-16,1.00017
5,2,0.00118,-2.77556e-17,1.00016
6,2,0.00118,-1.52656e-16,1.00015
7,2,0.00118,-4.16334e-17,1.00014
8,2,0.00118,-1.249e-16,1.00013
9,2,0.00118,-3.05311e-16,1.00012
10,2,0.00118,-1.94289e-16,1.00011
11,2,0.00118,1.52656e-16,1.0001
12,2,0.00118,-1.52656e-16,1.00009
13,2,0.00118,5.55112e-17,1.00008
14,2,0.00118,-2.08167e-16,1.00007
15,2,0.00118,-2.08167e-16,1.00006
16,2,0.00118,-8.32667e-17,1.00005
17,2,0.00118,1.66533e-16,1.00004
18,2,0.00118,8.32667e-17,1.00003
19,2,0.00118,6.93889e-17,1.00002
20,2,0.00118,1.38778e-17,1.00001
21,2,0.00118,0,1
1,3,0.00349,5.13478e-16,1.0002
2,3,0.00349,4.996e-16,1.00019
3,3,0.00349,3.05311e-16,1.00018
4,3,0.00349,4.16334e-17,1.00017
5,3,0.00349,-1.38778e-16,1.00016
6,3,0.00349,-8.32667e-17,1.00015
7,3,0.00349,-1.11022e-16,1.00014
8,3,0.00349,-1.38778e-17,1.00013
9,3,0.00349,-6.93889e-17,1.00012
10,3,0.00349,-5.55112e-17,1.00011
11,3,0.00349,-2.08167e-16,1.0001
12,3,0.00349,-8.32667e-17,1.00009
13,3,0.00349,-1.249e-16,1.00008
14,3,0.00349,-1.80411e-16,1.00007
15,3,0.00349,-3.46945e-16,1.00006
16,3,0.00349,-1.66533e-16,1.00005
17,3,0.00349,-9.71445e-17,1.00004
18,3,0.00349,6.93889e-17,1.00003
19,3,0.00349,-4.16334e-17,1.00002
20,3,0.00349,-8.32667e-17,1.00001
21,3,0.00349,-1.38778e-17,1
1,4,0.00574,8.74301e-16,1.0002
2,4,0.00574,5.27356e-16,1.00019
3,4,0.00574,3.747e-16,1.00018
4,4,0.00574,3.05311e-16,1.00017
5,4,0.00574,3.05311e-16,1.00016
6,4,0.00574,4.57967e-16,1.00015
7,4,0.00574,4.85723e-16,1.00014
8,4,0.00574,4.02456e-16,1.00013
9,4,0.00574,4.996e-16,1.00012
10,4,0.00574,4.57967e-16,1.00011
11,4,0.00574,3.747e-16,1.0001
12,4,0.00574,3.05311e-16,1.00009
13,4,0.00574,2.77556e-17,1.00008
14,4,0.00574,6.93889e-17,1.00007
15,4,0.00574,2.77556e-17,1.00006
16,4,0.00574,-8.32667e-17,1.00005
17,4,0.00574,0,1.00004
18,4,0.00574,-1.38778e-17,1.00003
19,4,0.00574,1.38778e-17,1.00002
20,4,0.00574,8.32667e-17,1.00001
21,4,0.00574,2.08167e-16,1
1,5,0.00793,1.33227e-15,1.0002
2,5,0.00793,1.1241e-15,1.00019
3,5,0.00793,1.01308e-15,1.00018
4,5,0.00793,1.09635e-15,1.00017
5,5,0.00793,1.02696e-15,1.00016
6,5,0.00793,9.99201e-16,1.00015
7,5,0.00793,1.06859e-15,1.00014
8,5,0.00793,1.01308e-15,1.00013
9,5,0.00793,9.29812e-16,1.00012
10,5,0.00793,8.60423e-16,1.00011
11,5,0.00793,8.18789e-16,1.0001
12,5,0.00793,6.93889e-16,1.00009
13,5,0.00793,5.68989e-16,1.00008
14,5,0.00793,5.13478e-16,1.00007
15,5,0.00793,3.747e-16,1.00006
16,5,0.00793,2.498e-16,1.00005
17,5,0.00793,2.22045e-16,1.00004
18,5,0.00793,6.93889e-17,1.00003
19,5,0.00793,2.22045e-16,1.00002
20,5,0.00793,2.35922e-16,1.00001
21,5,0.00793,2.498e-16,1
1,6,0.01006,1.94289e-15,1.0002
2,6,0.01006,2.04003e-15,1.00019
3,6,0.01006,2.05391e-15,1.00018
4,6,0.01006,1.95677e-15,1.00017
5,6,0.01006,1.8735e-15,1.00016
6,6,0.01006,1.83187e-15,1.00015
7,6,0.01006,1.77636e-15,1.00014
8,6,0.01006,1.73472e-15,1.00013
9,6,0.01006,1.63758e-15,1.00012
10,6,0.01006,1.58207e-15,1.00011
11,6,0.01006,1.36002e-15,1.0001
12,6,0.01006,1.31839e-15,1.00009
13,6,0.01006,1.34615e-15,1.00008
14,6,0.01006,1.11022e-15,1.00007
15,6,0.01006,1.1241e-15,1.00006
16,6,0.01006,9.99201e-16,1.00005
17,6,0.01006,8.46545e-16,1.00004
18,6,0.01006,7.63278e-16,1.00003
19,6,0.01006,6.245e-16,1.00002
20,6,0.01006,4.30211e-16,1.00001
21,6,0.01006,4.85723e-16,1
1,7,0.01213,2.498e-15,1.0002
2,7,0.01213,2.6229e-15,1.00019
3,7,0.01213,2.65066e-15,1.00018
4,7,0.01213,2.70617e-15,1.00017
5,7,0.01213,2.58127e-15,1.00016
6,7,0.01213,2.56739e-15,1.00015
7,7,0.01213,2.34535e-15,1.00014
8,7,0.01213,2.31759e-15,1.00013
9,7,0.01213,2.34535e-15,1.00012
10,7,0.01213,2.02616e-15,1.00011
11,7,0.01213,2.04003e-15,1.0001
12,7,0.01213,1.97065e-15,1.00009
13,7,0.01213,1.79023e-15,1.00008
14,7,0.01213,1.70697e-15,1.00007
15,7,0.01213,1.63758e-15,1.00006
16,7,0.01213,1.67921e-15,1.00005
17,7,0.01213,1.48492e-15,1.00004
18,7,0.01213,1.30451e-15,1.00003
19,7,0.01213,1.06859e-15,1.00002
20,7,0.01213,9.15934e-16,1.00001
21,7,0.01213,6.245e-16,1
1,8,0.01414,2.98372e-15,1.0002
2,8,0.01414,3.03924e-15,1.00019
3,8,0.01414,3.20577e-15,1.00018
4,8,0.01414,3.38618e-15,1.00017
5,8,0.01414,3.27516e-15,1.00016
6,8,0.01414,3.16414e-15,1.00015
7,8,0.01414,3.13638e-15,1.00014
8,8,0.01414,3.10862e-15,1.00013
9,8,0.01414,2.95597e-15,1.00012
10,8,0.01414,2.91434e-15,1.00011
11,8,0.01414,2.90046e-15,1.0001
12,8,0.01414,2.65066e-15,1.00009
13,8,0.01414,2.6229e-15,1.00008
14,8,0.01414,2.51188e-15,1.00007
15,8,0.01414,2.20657e-15,1.00006
16,8,0.01414,1.98452e-15,1.00005
17,8,0.01414,1.67921e-15,1.00004
18,8,0.01414,1.54043e-15,1.00003
19,8,0.01414,1.42941e-15,1.00002
20,8,0.01414,1.26288e-15,1.00001
21,8,0.01414,8.60423e-16,1
1,9,0.01609,3.76088e-15,1.0002
2,9,0.01609,3.94129e-15,1.00019
3,9,0.01609,3.95517e-15,1.00018
4,9,0.01609,3.94129e-15,1.00017
5,9,0.01609,4.20497e-15,1.00016
6,9,0.01609,4.08007e-15,1.00015
7,9,0.01609,4.05231e-15,1.00014
8,9,0.01609,3.95517e-15,1.00013
9,9,0.01609,3.76088e-15,1.00012
10,9,0.01609,3.63598e-15,1.00011
11,9,0.01609,3.56659e-15,1.0001
12,9,0.01609,3.30291e-15,1.00009
13,9,0.01609,3.20577e-15,1.00008
14,9,0.01609,3.01148e-15,1.00007
15,9,0.01609,2.78944e-15,1.00006
16,9,0.01609,2.51188e-15,1.00005
17,9,0.01609,1.92901e-15,1.00004
18,9,0.01609,1.67921e-15,1.00003
19,9,0.01609,1.51268e-15,1.00002
20,9,0.01609,1.249e-15,1.00001
21,9,0.01609,1.09635e-15,1
1,10,0.01798,4.19109e-15,1.0002
2,10,0.01798,4.42701e-15,1.00019
3,10,0.01798,4.44089e-15,1.00018
4,10,0.01798,4.60743e-15,1.00017
5,10,0.01798,4.73233e-15,1.00016
6,10,0.01798,4.88498e-15,1.00015
7,10,0.01798,4.7462e-15,1.00014
8,10,0.01798,4.73233e-15,1.00013
9,10,0.01798,4.56579e-15,1.00012
10,10,0.01798,4.38538e-15,1.00011
11,10,0.01798,4.16334e-15,1.0001
12,10,0.01798,4.19109e-15,1.00009
13,10,0.01798,3.84415e-15,1.00008
14,10,0.01798,3.53884e-15,1.00007
15,10,0.01798,3.30291e-15,1.00006
16,10,0.01798,2.90046e-15,1.00005
17,10,0.01798,2.65066e-15,1.00004
18,10,0.01798,2.16493e-15,1.00003
19,10,0.01798,1.80411e-15,1.00002
20,10,0.01798,1.45717e-15,1.00001
21,10,0.01798,1.23512e-15,1
1,11,0.01981,4.70457e-15,1.0002
2,11,0.01981,4.85723e-15,1.00019
3,11,0.01981,5.10703e-15,1.00018
4,11,0.01981,5.25968e-15,1.00017
5,11,0.01981,5.35683e-15,1.00016
6,11,0.01981,5.34295e-15,1.00015
7,11,0.01981,5.30131e-15,1.00014
8,11,0.01981,5.35683e-15,1.00013
9,11,0.01981,5.3707e-15,1.00012
10,11,0.01981,5.2458e-15,1.00011
11,11,0.01981,4.98213e-15,1.0001
12,11,0.01981,4.77396e-15,1.00009
13,11,0.01981,4.42701e-15,1.00008
14,11,0.01981,4.16334e-15,1.00007
15,11,0.01981,3.78864e-15,1.00006
16,11,0.01981,3.28904e-15,1.00005
17,11,0.01981,2.95597e-15,1.00004
18,11,0.01981,2.60902e-15,1.00003
19,11,0.01981,2.20657e-15,1.00002
20,11,0.01981,1.73472e-15,1.00001
21,11,0.01981,1.52656e-15,1
1,12,0.02158,5.28744e-15,1.0002
2,12,0.02158,5.53724e-15,1.00019
3,12,0.02158,5.75928e-15,1.00018
4,12,0.02158,5.8703e-15,1.00017
5,12,0.02158,5.89806e-15,1.00016
6,12,0.02158,5.91194e-15,1.00015
7,12,0.02158,6.16174e-15,1.00014
8,12,0.02158,6.09235e-15,1.00013
9,12,0.02158,6.06459e-15,1.00012
10,12,0.02158,5.92582e-15,1.00011
11,12,0.02158,5.7454e-15,1.0001
12,12,0.02158,5.3707e-15,1.00009
13,12,0.02158,4.98213e-15,1.00008
14,12,0.02158,4.4964e-15,1.00007
15,12,0.02158,4.1217e-15,1.00006
16,12,0.02158,3.67761e-15,1.00005
17,12,0.02158,3.15026e-15,1.00004
18,12,0.02158,2.70617e-15,1.00003
19,12,0.02158,2.41474e-15,1.00002
20,12,0.02158,2.13718e-15,1.00001
21,12,0.02158,1.81799e-15,1
1,13,0.02329,5.80092e-15,1.0002
2,13,0.02329,5.96745e-15,1.00019
3,13,0.02329,6.25888e-15,1.00018
4,13,0.02329,6.39766e-15,1.00017
5,13,0.02329,6.46705e-15,1.00016
6,13,0.02329,6.48093e-15,1.00015
7,13,0.02329,6.66134e-15,1.00014
8,13,0.02329,6.6197e-15,1.00013
9,13,0.02329,6.53644e-15,1.00012
10,13,0.02329,6.4948e-15,1.00011
11,13,0.02329,6.25888e-15,1.0001
12,13,0.02329,5.78704e-15,1.00009
13,13,0.02329,5.35683e-15,1.00008
14,13,0.02329,4.85723e-15,1.00007
15,13,0.02329,4.51028e-15,1.00006
16,13,0.02329,4.14946e-15,1.00005
17,13,0.02329,3.76088e-15,1.00004
18,13,0.02329,3.35842e-15,1.00003
19,13,0.02329,2.76168e-15,1.00002
20,13,0.02329,2.30371e-15,1.00001
21,13,0.02329,1.91513e-15,1
1,14,0.02494,6.13398e-15,1.0002
2,14,0.02494,6.46705e-15,1.00019
3,14,0.02494,6.68909e-15,1.00018
4,14,0.02494,6.91114e-15,1.00017
5,14,0.02494,7.14706e-15,1.00016
6,14,0.02494,7.27196e-15,1.00015
7,14,0.02494,7.21645e-15,1.00014
8,14,0.02494,7.25808e-15,1.00013
9,14,0.02494,7.18869e-15,1.00012
10,14,0.02494,6.98053e-15,1.00011
11,14,0.02494,6.63358e-15,1.0001
12,14,0.02494,6.245e-15,1.00009
13,14,0.02494,5.95357e-15,1.00008
14,14,0.02494,5.52336e-15,1.00007
15,14,0.02494,4.996e-15,1.00006
16,14,0.02494,4.45477e-15,1.00005
17,14,0.02494,4.06619e-15,1.00004
18,14,0.02494,3.52496e-15,1.00003
19,14,0.02494,2.94209e-15,1.00002
20,14,0.02494,2.38698e-15,1.00001
21,14,0.02494,2.10942e-15,1
1,15,0.02653,6.71685e-15,1.0002
2,15,0.02653,6.99441e-15,1.00019
3,15,0.02653,7.14706e-15,1.00018
4,15,0.02653,7.54952e-15,1.00017
5,15,0.02653,7.68829e-15,1.00016
6,15,0.02653,7.85483e-15,1.00015
7,15,0.02653,7.64666e-15,1.00014
8,15,0.02653,7.52176e-15,1.00013
9,15,0.02653,7.57727e-15,1.00012
10,15,0.02653,7.46625e-15,1.00011
11,15,0.02653,7.07767e-15,1.0001
12,15,0.02653,6.71685e-15,1.00009
13,15,0.02653,6.27276e-15,1.00008
14,15,0.02653,5.89806e-15,1.00007
15,15,0.02653,5.41234e-15,1.00006
16,15,0.02653,4.94049e-15,1.00005
17,15,0.02653,4.39926e-15,1.00004
18,15,0.02653,3.66374e-15,1.00003
19,15,0.02653,3.06699e-15,1.00002
20,15,0.02653,2.6229e-15,1.00001
21,15,0.02653,2.34535e-15,1
1,16,0.02806,6.98053e-15,1.0002
2,16,0.02806,7.32747e-15,1.00019
3,16,0.02806,7.61891e-15,1.00018
4,16,0.02806,7.85483e-15,1.00017
5,16,0.02806,7.93809e-15,1.00016
6,16,0.02806,8.17402e-15,1.00015
7,16,0.02806,8.18789e-15,1.00014
8,16,0.02806,8.11851e-15,1.00013
9,16,0.02806,7.88258e-15,1.00012
10,16,0.02806,7.64666e-15,1.00011
11,16,0.02806,7.48013e-15,1.0001
12,16,0.02806,7.14706e-15,1.00009
13,16,0.02806,6.70297e-15,1.00008
14,16,0.02806,6.25888e-15,1.00007
15,16,0.02806,5.82867e-15,1.00006
16,16,0.02806,5.2458e-15,1.00005
17,16,0.02806,4.69069e-15,1.00004
18,16,0.02806,4.13558e-15,1.00003
19,16,0.02806,3.42781e-15,1.00002
20,16,0.02806,2.91434e-15,1.00001
21,16,0.02806,2.51188e-15,1
1,17,0.02953,7.42462e-15,1.0002
2,17,0.02953,7.71605e-15,1.00019
3,17,0.02953,8.04912e-15,1.00018
4,17,0.02953,8.25728e-15,1.00017
5,17,0.02953,8.47933e-15,1.00016
6,17,0.02953,8.49321e-15,1.00015
7,17,0.02953,8.53484e-15,1.00014
8,17,0.02953,8.53484e-15,1.00013
9,17,0.02953,8.39606e-15,1.00012
10,17,0.02953,8.03524e-15,1.00011
11,17,0.02953,7.74381e-15,1.0001
12,17,0.02953,7.49401e-15,1.00009
13,17,0.02953,7.10543e-15,1.00008
14,17,0.02953,6.60583e-15,1.00007
15,17,0.02953,6.1201e-15,1.00006
16,17,0.02953,5.6205e-15,1.00005
17,17,0.02953,4.996e-15,1.00004
18,17,0.02953,4.1217e-15,1.00003
19,17,0.02953,3.58047e-15,1.00002
20,17,0.02953,2.9976e-15,1.00001
21,17,0.02953,2.6229e-15,1
1,18,0.03094,7.61891e-15,1.0002
2,18,0.03094,7.82707e-15,1.00019
3,18,0.03094,8.11851e-15,1.00018
4,18,0.03094,8.57647e-15,1.00017
5,18,0.03094,8.96505e-15,1.00016
6,18,0.03094,9.03444e-15,1.00015
7,18,0.03094,9.03444e-15,1.00014
8,18,0.03094,8.84015e-15,1.00013
9,18,0.03094,8.70137e-15,1.00012
10,18,0.03094,8.43769e-15,1.00011
11,18,0.03094,8.22953e-15,1.0001
12,18,0.03094,7.81319e-15,1.00009
13,18,0.03094,7.16094e-15,1.00008
14,18,0.03094,6.71685e-15,1.00007
15,18,0.03094,6.23113e-15,1.00006
16,18,0.03094,5.63438e-15,1.00005
17,18,0.03094,4.98213e-15,1.00004
18,18,0.03094,4.14946e-15,1.00003
19,18,0.03094,3.55271e-15,1.00002
20,18,0.03094,3.16414e-15,1.00001
21,18,0.03094,2.80331e-15,1
1,19,0.03229,7.89646e-15,1.0002
2,19,0.03229,8.18789e-15,1.00019
3,19,0.03229,8.72913e-15,1.00018
4,19,0.03229,9.02056e-15,1.00017
5,19,0.03229,9.27036e-15,1.00016
6,19,0.03229,9.28424e-15,1.00015
7,19,0.03229,9.24261e-15,1.00014
8,19,0.03229,9.24261e-15,1.00013
9,19,0.03229,9.00668e-15,1.00012
10,19,0.03229,8.75688e-15,1.00011
11,19,0.03229,8.38218e-15,1.0001
12,19,0.03229,8.03524e-15,1.00009
13,19,0.03229,7.67442e-15,1.00008
14,19,0.03229,6.95277e-15,1.00007
15,19,0.03229,6.41154e-15,1.00006
16,19,0.03229,5.75928e-15,1.00005
17,19,0.03229,5.06539e-15,1.00004
18,19,0.03229,4.42701e-15,1.00003
19,19,0.03229,3.83027e-15,1.00002
20,19,0.03229,3.38618e-15,1.00001
21,19,0.03229,2.88658e-15,1
1,20,0.03358,8.13238e-15,1.0002
2,20,0.03358,8.59035e-15,1.00019
3,20,0.03358,8.97893e-15,1.00018
4,20,0.03358,9.08995e-15,1.00017
5,20,0.03358,9.1871e-15,1.00016
6,20,0.03358,9.38138e-15,1.00015
7,20,0.03358,9.42302e-15,1.00014
8,20,0.03358,9.47853e-15,1.00013
9,20,0.03358,9.27036e-15,1.00012
10,20,0.03358,8.97893e-15,1.00011
11,20,0.03358,8.54872e-15,1.0001
12,20,0.03358,8.14626e-15,1.00009
13,20,0.03358,7.78544e-15,1.00008
14,20,0.03358,7.23033e-15,1.00007
15,20,0.03358,6.57807e-15,1.00006
16,20,0.03358,5.9952e-15,1.00005
17,20,0.03358,5.3707e-15,1.00004
18,20,0.03358,4.67681e-15,1.00003
19,20,0.03358,3.9968e-15,1.00002
20,20,0.03358,3.38618e-15,1.00001
21,20,0.03358,2.98372e-15,1
1,21,0.03481,8.38218e-15,1.0002
2,21,0.03481,8.82627e-15,1.00019
3,21,0.03481,8.99281e-15,1.00018
4,21,0.03481,9.03444e-15,1.00017
5,21,0.03481,9.11771e-15,1.00016
6,21,0.03481,9.35363e-15,1.00015
7,21,0.03481,9.4369e-15,1.00014
8,21,0.03481,9.36751e-15,1.00013
9,21,0.03481,9.24261e-15,1.00012
10,21,0.03481,9.03444e-15,1.00011
11,21,0.03481,8.74301e-15,1.0001
12,21,0.03481,8.43769e-15,1.00009
13,21,0.03481,7.99361e-15,1.00008
14,21,0.03481,7.46625e-15,1.00007
15,21,0.03481,6.82787e-15,1.00006
16,21,0.03481,5.91194e-15,1.00005
17,21,0.03481,5.41234e-15,1.00004
18,21,0.03481,4.76008e-15,1.00003
19,21,0.03481,3.96905e-15,1.00002
20,21,0.03481,3.40006e-15,1.00001
21,21,0.03481,3.03924e-15,1
1,22,0.03598,8.34055e-15,1.0002
2,22,0.03598,8.70137e-15,1.00019
3,22,0.03598,9.10383e-15,1.00018
4,22,0.03598,9.42302e-15,1.00017
5,22,0.03598,9.54792e-15,1.00016
6,22,0.03598,9.42302e-15,1.00015
7,22,0.03598,9.6867e-15,1.00014
8,22,0.03598,9.38138e-15,1.00013
9,22,0.03598,9.27036e-15,1.00012
10,22,0.03598,9.1871e-15,1.00011
11,22,0.03598,8.96505e-15,1.0001
12,22,0.03598,8.61811e-15,1.00009
13,22,0.03598,8.06299e-15,1.00008
14,22,0.03598,7.49401e-15,1.00007
15,22,0.03598,6.80012e-15,1.00006
16,22,0.03598,6.14786e-15,1.00005
17,22,0.03598,5.21805e-15,1.00004
18,22,0.03598,4.55191e-15,1.00003
19,22,0.03598,3.94129e-15,1.00002
20,22,0.03598,3.42781e-15,1.00001
21,22,0.03598,3.05311e-15,1
1,23,0.03709,8.35443e-15,1.0002
2,23,0.03709,8.61811e-15,1.00019
3,23,0.03709,8.82627e-15,1.00018
4,23,0.03709,9.21485e-15,1.00017
5,23,0.03709,9.63118e-15,1.00016
6,23,0.03709,9.58955e-15,1.00015
7,23,0.03709,9.45077e-15,1.00014
8,23,0.03709,9.312e-15,1.00013
9,23,0.03709,9.24261e-15,1.00012
10,23,0.03709,8.99281e-15,1.00011
11,23,0.03709,8.72913e-15,1.0001
12,23,0.03709,8.31279e-15,1.00009
13,23,0.03709,7.79932e-15,1.00008
14,23,0.03709,7.32747e-15,1.00007
15,23,0.03709,6.89726e-15,1.00006
16,23,0.03709,6.27276e-15,1.00005
17,23,0.03709,5.55112e-15,1.00004
18,23,0.03709,4.89886e-15,1.00003
19,23,0.03709,4.08007e-15,1.00002
20,23,0.03709,3.55271e-15,1.00001
21,23,0.03709,3.06699e-15,1
1,24,0.03814,8.32667e-15,1.0002
2,24,0.03814,8.65974e-15,1.00019
3,24,0.03814,8.64586e-15,1.00018
4,24,0.03814,8.95117e-15,1.00017
5,24,0.03814,9.14546e-15,1.00016
6,24,0.03814,9.33975e-15,1.00015
7,24,0.03814,9.29812e-15,1.00014
8,24,0.03814,9.28424e-15,1.00013
9,24,0.03814,9.21485e-15,1.00012
10,24,0.03814,9.10383e-15,1.00011
11,24,0.03814,8.79852e-15,1.0001
12,24,0.03814,8.35443e-15,1.00009
13,24,0.03814,7.85483e-15,1.00008
14,24,0.03814,7.56339e-15,1.00007
15,24,0.03814,7.07767e-15,1.00006
16,24,0.03814,6.39766e-15,1.00005
17,24,0.03814,5.70377e-15,1.00004
18,24,0.03814,4.77396e-15,1.00003
19,24,0.03814,3.98293e-15,1.00002
20,24,0.03814,3.42781e-15,1.00001
21,24,0.03814,3.16414e-15,1
1,25,0.03913,8.14626e-15,1.0002
2,25,0.03913,8.46545e-15,1.00019
3,25,0.03913,8.82627e-15,1.00018
4,25,0.03913,8.84015e-15,1.00017
5,25,0.03913,8.86791e-15,1.00016
6,25,0.03913,9.13158e-15,1.00015
7,25,0.03913,9.14546e-15,1.00014
8,25,0.03913,9.24261e-15,1.00013
9,25,0.03913,9.04832e-15,1.00012
10,25,0.03913,8.79852e-15,1.00011
11,25,0.03913,8.71525e-15,1.0001
12,25,0.03913,8.46545e-15,1.00009
13,25,0.03913,7.84095e-15,1.00008
14,25,0.03913,7.39686e-15,1.00007
15,25,0.03913,6.70297e-15,1.00006
16,25,0.03913,6.06459e-15,1.00005
17,25,0.03913,5.21805e-15,1.00004
18,25,0.03913,4.51028e-15,1.00003
19,25,0.03913,3.96905e-15,1.00002
20,25,0.03913,3.30291e-15,1.00001
21,25,0.03913,3.02536e-15,1
1,26,0.04006,7.86871e-15,1.0002
2,26,0.04006,8.10463e-15,1.00019
3,26,0.04006,8.43769e-15,1.00018
4,26,0.04006,8.64586e-15,1.00017
5,26,0.04006,8.64586e-15,1.00016
6,26,0.04006,8.84015e-15,1.00015
7,26,0.04006,8.86791e-15,1.00014
8,26,0.04006,8.8124e-15,1.00013
9,26,0.04006,8.86791e-15,1.00012
10,26,0.04006,8.6875e-15,1.00011
11,26,0.04006,8.42382e-15,1.0001
12,26,0.04006,8.17402e-15,1.00009
13,26,0.04006,7.79932e-15,1.00008
14,26,0.04006,6.99441e-15,1.00007
15,26,0.04006,6.39766e-15,1.00006
16,26,0.04006,5.81479e-15,1.00005
17,26,0.04006,5.19029e-15,1.00004
18,26,0.04006,4.53804e-15,1.00003
19,26,0.04006,3.96905e-15,1.00002
20,26,0.04006,3.34455e-15,1.00001
21,26,0.04006,3.02536e-15,1
1,27,0.04093,7.84095e-15,1.0002
2,27,0.04093,8.07687e-15,1.00019
3,27,0.04093,8.14626e-15,1.00018
4,27,0.04093,8.27116e-15,1.00017
5,27,0.04093,8.43769e-15,1.00016
6,27,0.04093,8.42382e-15,1.00015
7,27,0.04093,8.47933e-15,1.00014
8,27,0.04093,8.54872e-15,1.00013
9,27,0.04093,8.43769e-15,1.00012
10,27,0.04093,8.22953e-15,1.00011
11,27,0.04093,8.06299e-15,1.0001
12,27,0.04093,7.77156e-15,1.00009
13,27,0.04093,7.23033e-15,1.00008
14,27,0.04093,6.77236e-15,1.00007
15,27,0.04093,6.20337e-15,1.00006
16,27,0.04093,5.45397e-15,1.00005
17,27,0.04093,4.91274e-15,1.00004
18,27,0.04093,4.23273e-15,1.00003
19,27,0.04093,3.56659e-15,1.00002
20,27,0.04093,3.27516e-15,1.00001
21,27,0.04093,2.94209e-15,1
1,28,0.04174,7.45237e-15,1.0002
2,28,0.04174,7.74381e-15,1.00019
3,28,0.04174,7.99361e-15,1.00018
4,28,0.04174,8.14626e-15,1.00017
5,28,0.04174,8.35443e-15,1.00016
6,28,0.04174,8.31279e-15,1.00015
7,28,0.04174,8.17402e-15,1.00014
8,28,0.04174,8.18789e-15,1.00013
9,28,0.04174,8.09075e-15,1.00012
10,28,0.04174,8.00748e-15,1.00011
11,28,0.04174,7.68829e-15,1.0001
12,28,0.04174,7.27196e-15,1.00009
13,28,0.04174,7.00828e-15,1.00008
14,28,0.04174,6.59195e-15,1.00007
15,28,0.04174,6.05072e-15,1.00006
16,28,0.04174,5.41234e-15,1.00005
17,28,0.04174,4.8711e-15,1.00004
18,28,0.04174,4.28824e-15,1.00003
19,28,0.04174,3.73312e-15,1.00002
20,28,0.04174,3.09475e-15,1.00001
21,28,0.04174,2.78944e-15,1
1,29,0.04249,7.06379e-15,1.0002
2,29,0.04249,7.35523e-15,1.00019
3,29,0.04249,7.60503e-15,1.00018
4,29,0.04249,7.85483e-15,1.00017
5,29,0.04249,7.82707e-15,1.00016
6,29,0.04249,7.81319e-15,1.00015
7,29,0.04249,7.91034e-15,1.00014
8,29,0.04249,7.81319e-15,1.00013
9,29,0.04249,7.74381e-15,1.00012
10,29,0.04249,7.74381e-15,1.00011
11,29,0.04249,7.23033e-15,1.0001
12,29,0.04249,6.92502e-15,1.00009
13,29,0.04249,6.7446e-15,1.00008
14,29,0.04249,6.32827e-15,1.00007
15,29,0.04249,5.66214e-15,1.00006
16,29,0.04249,5.16254e-15,1.00005
17,29,0.04249,4.42701e-15,1.00004
18,29,0.04249,3.94129e-15,1.00003
19,29,0.04249,3.53884e-15,1.00002
20,29,0.04249,3.17801e-15,1.00001
21,29,0.04249,2.70617e-15,1
1,30,0.04318,6.66134e-15,1.0002
2,30,0.04318,6.89726e-15,1.00019
3,30,0.04318,7.07767e-15,1.00018
4,30,0.04318,7.07767e-15,1.00017
5,30,0.04318,7.16094e-15,1.00016
6,30,0.04318,7.32747e-15,1.00015
7,30,0.04318,7.41074e-15,1.00014
8,30,0.04318,7.46625e-15,1.00013
9,30,0.04318,7.36911e-15,1.00012
10,30,0.04318,7.16094e-15,1.00011
11,30,0.04318,7.07767e-15,1.0001
12,30,0.04318,6.95277e-15,1.00009
13,30,0.04318,6.42542e-15,1.00008
14,30,0.04318,5.93969e-15,1.00007
15,30,0.04318,5.44009e-15,1.00006
16,30,0.04318,4.84335e-15,1.00005
17,30,0.04318,4.48253e-15,1.00004
18,30,0.04318,3.89966e-15,1.00003
19,30,0.04318,3.33067e-15,1.00002
20,30,0.04318,3.01148e-15,1.00001
21,30,0.04318,2.55351e-15,1
1,31,0.04381,6.28664e-15,1.0002
2,31,0.04381,6.42542e-15,1.00019
3,31,0.04381,6.4948e-15,1.00018
4,31,0.04381,6.7446e-15,1.00017
5,31,0.04381,7.04992e-15,1.00016
6,31,0.04381,6.98053e-15,1.00015
7,31,0.04381,6.92502e-15,1.00014
8,31,0.04381,7.00828e-15,1.00013
9,31,0.04381,6.81399e-15,1.00012
10,31,0.04381,6.55032e-15,1.00011
11,31,0.04381,6.48093e-15,1.0001
12,31,0.04381,6.16174e-15,1.00009
13,31,0.04381,5.81479e-15,1.00008
14,31,0.04381,5.45397e-15,1.00007
15,31,0.04381,5.00988e-15,1.00006
16,31,0.04381,4.45477e-15,1.00005
17,31,0.04381,4.05231e-15,1.00004
18,31,0.04381,3.56659e-15,1.00003
19,31,0.04381,3.13638e-15,1.00002
20,31,0.04381,2.58127e-15,1.00001
21,31,0.04381,2.34535e-15,1
1,32,0.04438,5.70377e-15,1.0002
2,32,0.04438,5.85643e-15,1.00019
3,32,0.04438,6.03684e-15,1.00018
4,32,0.04438,6.25888e-15,1.00017
5,32,0.04438,6.27276e-15,1.00016
6,32,0.04438,6.30052e-15,1.00015
7,32,0.04438,6.27276e-15,1.00014
8,32,0.04438,6.34215e-15,1.00013
9,32,0.04438,6.32827e-15,1.00012
10,32,0.04438,6.18949e-15,1.00011
11,32,0.04438,5.78704e-15,1.0001
12,32,0.04438,5.50948e-15,1.00009
13,32,0.04438,5.23193e-15,1.00008
14,32,0.04438,4.95437e-15,1.00007
15,32,0.04438,4.66294e-15,1.00006
16,32,0.04438,4.27436e-15,1.00005
17,32,0.04438,3.89966e-15,1.00004
18,32,0.04438,3.44169e-15,1.00003
19,32,0.04438,2.92821e-15,1.00002
20,32,0.04438,2.44249e-15,1.00001
21,32,0.04438,2.23432e-15,1
1,33,0.04489,5.21805e-15,1.0002
2,33,0.04489,5.35683e-15,1.00019
3,33,0.04489,5.63438e-15,1.00018
4,33,0.04489,5.59275e-15,1.00017
5,33,0.04489,5.60663e-15,1.00016
6,33,0.04489,5.78704e-15,1.00015
7,33,0.04489,5.68989e-15,1.00014
8,33,0.04489,5.6205e-15,1.00013
9,33,0.04489,5.64826e-15,1.00012
10,33,0.04489,5.41234e-15,1.00011
11,33,0.04489,5.25968e-15,1.0001
12,33,0.04489,5.00988e-15,1.00009
13,33,0.04489,4.7462e-15,1.00008
14,33,0.04489,4.45477e-15,1.00007
15,33,0.04489,4.19109e-15,1.00006
16,33,0.04489,3.85803e-15,1.00005
17,33,0.04489,3.42781e-15,1.00004
18,33,0.04489,2.9976e-15,1.00003
19,33,0.04489,2.52576e-15,1.00002
20,33,0.04489,2.22045e-15,1.00001
21,33,0.04489,1.97065e-15,1
1,34,0.04534,4.60743e-15,1.0002
2,34,0.04534,4.78784e-15,1.00019
3,34,0.04534,4.92661e-15,1.00018
4,34,0.04534,5.10703e-15,1.00017
5,34,0.04534,5.16254e-15,1.00016
6,34,0.04534,5.13478e-15,1.00015
7,34,0.04534,5.09315e-15,1.00014
8,34,0.04534,4.96825e-15,1.00013
9,34,0.04534,4.81559e-15,1.00012
10,34,0.04534,4.8711e-15,1.00011
11,34,0.04534,4.78784e-15,1.0001
12,34,0.04534,4.46865e-15,1.00009
13,34,0.04534,4.42701e-15,1.00008
14,34,0.04534,4.20497e-15,1.00007
15,34,0.04534,3.76088e-15,1.00006
16,34,0.04534,3.4972e-15,1.00005
17,34,0.04534,2.94209e-15,1.00004
18,34,0.04534,2.59515e-15,1.00003
19,34,0.04534,2.34535e-15,1.00002
20,34,0.04534,2.10942e-15,1.00001
21,34,0.04534,1.85962e-15,1
1,35,0.04573,4.08007e-15,1.0002
2,35,0.04573,4.34375e-15,1.00019
3,35,0.04573,4.28824e-15,1.00018
4,35,0.04573,4.45477e-15,1.00017
5,35,0.04573,4.51028e-15,1.00016
6,35,0.04573,4.32987e-15,1.00015
7,35,0.04573,4.31599e-15,1.00014
8,35,0.04573,4.23273e-15,1.00013
9,35,0.04573,4.17721e-15,1.00012
10,35,0.04573,4.06619e-15,1.00011
11,35,0.04573,3.81639e-15,1.0001
12,35,0.04573,3.71925e-15,1.00009
13,35,0.04573,3.52496e-15,1.00008
14,35,0.04573,3.3723e-15,1.00007
15,35,0.04573,3.03924e-15,1.00006
16,35,0.04573,2.76168e-15,1.00005
17,35,0.04573,2.55351e-15,1.00004
18,35,0.04573,2.3731e-15,1.00003
19,35,0.04573,2.1233e-15,1.00002
20,35,0.04573,1.83187e-15,1.00001
21,35,0.04573,1.63758e-15,1
1,36,0.04606,3.31679e-15,1.0002
2,36,0.04606,3.45557e-15,1.00019
3,36,0.04606,3.63598e-15,1.00018
4,36,0.04606,3.60822e-15,1.00017
5,36,0.04606,3.76088e-15,1.00016
6,36,0.04606,3.77476e-15,1.00015
7,36,0.04606,3.747e-15,1.00014
8,36,0.04606,3.58047e-15,1.00013
9,36,0.04606,3.55271e-15,1.00012
10,36,0.04606,3.4972e-15,1.00011
11,36,0.04606,3.4972e-15,1.0001
12,36,0.04606,3.31679e-15,1.00009
13,36,0.04606,3.13638e-15,1.00008
14,36,0.04606,2.92821e-15,1.00007
15,36,0.04606,2.73392e-15,1.00006
16,36,0.04606,2.28983e-15,1.00005
17,36,0.04606,2.01228e-15,1.00004
18,36,0.04606,1.91513e-15,1.00003
19,36,0.04606,1.58207e-15,1.00002
20,36,0.04606,1.40166e-15,1.00001
21,36,0.04606,1.30451e-15,1
1,37,0.04633,2.7478e-15,1.0002
2,37,0.04633,2.7478e-15,1.00019
3,37,0.04633,2.81719e-15,1.00018
4,37,0.04633,2.91434e-15,1.00017
5,37,0.04633,2.88658e-15,1.00016
6,37,0.04633,2.94209e-15,1.00015
7,37,0.04633,3.05311e-15,1.00014
8,37,0.04633,3.10862e-15,1.00013
9,37,0.04633,3.03924e-15,1.00012
10,37,0.04633,2.98372e-15,1.00011
11,37,0.04633,2.94209e-15,1.0001
12,37,0.04633,2.81719e-15,1.00009
13,37,0.04633,2.6229e-15,1.00008
14,37,0.04633,2.30371e-15,1.00007
15,37,0.04633,2.10942e-15,1.00006
16,37,0.04633,1.84575e-15,1.00005
17,37,0.04633,1.67921e-15,1.00004
18,37,0.04633,1.47105e-15,1.00003
19,37,0.04633,1.19349e-15,1.00002
20,37,0.04633,1.06859e-15,1.00001
21,37,0.04633,1.1241e-15,1
1,38,0.04654,2.08167e-15,1.0002
2,38,0.04654,2.30371e-15,1.00019
3,38,0.04654,2.06779e-15,1.00018
4,38,0.04654,2.09555e-15,1.00017
5,38,0.04654,2.2482e-15,1.00016
6,38,0.04654,2.20657e-15,1.00015
7,38,0.04654,2.28983e-15,1.00014
8,38,0.04654,2.30371e-15,1.00013
9,38,0.04654,2.31759e-15,1.00012
10,38,0.04654,2.13718e-15,1.00011
11,38,0.04654,1.97065e-15,1.0001
12,38,0.04654,2.05391e-15,1.00009
13,38,0.04654,2.04003e-15,1.00008
14,38,0.04654,1.72085e-15,1.00007
15,38,0.04654,1.59595e-15,1.00006
16,38,0.04654,1.45717e-15,1.00005
17,38,0.04654,1.30451e-15,1.00004
18,38,0.04654,9.4369e-16,1.00003
19,38,0.04654,7.21645e-16,1.00002
20,38,0.04654,6.38378e-16,1.00001
21,38,0.04654,6.52256e-16,1
1,39,0.04669,1.47105e-15,1.0002
2,39,0.04669,1.67921e-15,1.00019
3,39,0.04669,1.73472e-15,1.00018
4,39,0.04669,1.44329e-15,1.00017
5,39,0.04669,1.27676e-15,1.00016
6,39,0.04669,1.40166e-15,1.00015
7,39,0.04669,1.58207e-15,1.00014
8,39,0.04669,1.73472e-15,1.00013
9,39,0.04669,1.51268e-15,1.00012
10,39,0.04669,1.47105e-15,1.00011
11,39,0.04669,1.45717e-15,1.0001
12,39,0.04669,1.16573e-15,1.00009
13,39,0.04669,1.16573e-15,1.00008
14,39,0.04669,1.02696e-15,1.00007
15,39,0.04669,8.18789e-16,1.00006
16,39,0.04669,8.46545e-16,1.00005
17,39,0.04669,6.93889e-16,1.00004
18,39,0.04669,5.68989e-16,1.00003
19,39,0.04669,5.41234e-16,1.00002
20,39,0.04669,4.71845e-16,1.00001
21,39,0.04669,5.82867e-16,1
1,40,0.04678,5.13478e-16,1.0002
2,40,0.04678,5.96745e-16,1.00019
3,40,0.04678,7.63278e-16,1.00018
4,40,0.04678,7.91034e-16,1.00017
5,40,0.04678,7.49401e-16,1.00016
6,40,0.04678,8.04912e-16,1.00015
7,40,0.04678,7.63278e-16,1.00014
8,40,0.04678,6.66134e-16,1.00013
9,40,0.04678,6.10623e-16,1.00012
10,40,0.04678,6.38378e-16,1.00011
11,40,0.04678,7.21645e-16,1.0001
12,40,0.04678,7.63278e-16,1.00009
13,40,0.04678,5.13478e-16,1.00008
14,40,0.04678,7.07767e-16,1.00007
15,40,0.04678,7.35523e-16,1.00006
16,40,0.04678,5.55112e-16,1.00005
17,40,0.04678,2.91434e-16,1.00004
18,40,0.04678,1.38778e-16,1.00003
19,40,0.04678,2.91434e-16,1.00002
20,40,0.04678,4.02456e-16,1.00001
21,40,0.04678,2.498e-16,1
1,41,0.04681,1.11022e-16,1.0002
2,41,0.04681,1.249e-16,1.00019
3,41,0.04681,-1.249e-16,1.00018
4,41,0.04681,1.38778e-16,1.00017
5,41,0.04681,2.08167e-16,1.00016
6,41,0.04681,8.32667e-17,1.00015
7,41,0.04681,6.93889e-17,1.00014
8,41,0.04681,5.55112e-17,1.00013
9,41,0.04681,-1.38778e-17,1.00012
10,41,0.04681,-1.52656e-16,1.00011
11,41,0.04681,-2.08167e-16,1.0001
12,41,0.04681,-2.22045e-16,1.00009
13,41,0.04681,-9.71445e-17,1.00008
14,41,0.04681,-4.16334e-17,1.00007
15,41,0.04681,-1.38778e-16,1.00006
16,41,0.04681,-9.71445e-17,1.00005
17,41,0.04681,-1.38778e-16,1.00004
18,41,0.04681,-6.93889e-17,1.00003
19,41,0.04681,2.77556e-17,1.00002
20,41,0.04681,-4.16334e-17,1.00001
21,41,0.04681,-1.11022e-16,1
1,42,0.04678,-8.74301e-16,1.0002
2,42,0.04678,-8.46545e-16,1.00019
3,42,0.04678,-8.60423e-16,1.00018
4,42,0.04678,-8.18789e-16,1.00017
5,42,0.04678,-7.77156e-16,1.00016
6,42,0.04678,-6.80012e-16,1.00015
7,42,0.04678,-8.60423e-16,1.00014
8,42,0.04678,-8.04912e-16,1.00013
9,42,0.04678,-7.91034e-16,1.00012
10,42,0.04678,-8.60423e-16,1.00011
11,42,0.04678,-8.32667e-16,1.0001
12,42,0.04678,-9.4369e-16,1.00009
13,42,0.04678,-6.52256e-16,1.00008
14,42,0.04678,-6.80012e-16,1.00007
15,42,0.04678,-6.245e-16,1.00006
16,42,0.04678,-6.38378e-16,1.00005
17,42,0.04678,-3.60822e-16,1.00004
18,42,0.04678,-2.498e-16,1.00003
19,42,0.04678,-4.71845e-16,1.00002
20,42,0.04678,-4.996e-16,1.00001
21,42,0.04678,-3.46945e-16,1
1,43,0.04669,-1.38778e-15,1.0002
2,43,0.04669,-1.54043e-15,1.00019
3,43,0.04669,-1.51268e-15,1.00018
4,43,0.04669,-1.4988e-15,1.00017
5,43,0.04669,-1.47105e-15,1.00016
6,43,0.04669,-1.3739e-15,1.00015
7,43,0.04669,-1.52656e-15,1.00014
8,43,0.04669,-1.77636e-15,1.00013
9,43,0.04669,-1.72085e-15,1.00012
10,43,0.04669,-1.59595e-15,1.00011
11,43,0.04669,-1.51268e-15,1.0001
12,43,0.04669,-1.36002e-15,1.00009
13,43,0.04669,-1.44329e-15,1.00008
14,43,0.04669,-1.33227e-15,1.00007
15,43,0.04669,-9.57567e-16,1.00006
16,43,0.04669,-9.57567e-16,1.00005
17,43,0.04669,-8.88178e-16,1.00004
18,43,0.04669,-9.99201e-16,1.00003
19,43,0.04669,-8.18789e-16,1.00002
20,43,0.04669,-6.93889e-16,1.00001
21,43,0.04669,-5.27356e-16,1
1,44,0.04654,-2.28983e-15,1.0002
2,44,0.04654,-2.31759e-15,1.00019
3,44,0.04654,-2.26208e-15,1.00018
4,44,0.04654,-2.498e-15,1.00017
5,44,0.04654,-2.40086e-15,1.00016
6,44,0.04654,-2.41474e-15,1.00015
7,44,0.04654,-2.44249e-15,1.00014
8,44,0.04654,-2.45637e-15,1.00013
9,44,0.04654,-2.53964e-15,1.00012
10,44,0.04654,-2.66454e-15,1.00011
11,44,0.04654,-2.38698e-15,1.0001
12,44,0.04654,-2.04003e-15,1.00009
13,44,0.04654,-1.98452e-15,1.00008
14,44,0.04654,-1.83187e-15,1.00007
15,44,0.04654,-1.56819e-15,1.00006
16,44,0.04654,-1.20737e-15,1.00005
17,44,0.04654,-1.19349e-15,1.00004
18,44,0.04654,-9.4369e-16,1.00003
19,44,0.04654,-7.21645e-16,1.00002
20,44,0.04654,-7.07767e-16,1.00001
21,44,0.04654,-6.66134e-16,1
1,45,0.04633,-2.77556e-15,1.0002
2,45,0.04633,-2.83107e-15,1.00019
3,45,0.04633,-2.95597e-15,1.00018
4,45,0.04633,-2.95597e-15,1.00017
5,45,0.04633,-3.01148e-15,1.00016
6,45,0.04633,-3.19189e-15,1.00015
7,45,0.04633,-3.28904e-15,1.00014
8,45,0.04633,-3.27516e-15,1.00013
9,45,0.04633,-3.27516e-15,1.00012
10,45,0.04633,-3.13638e-15,1.00011
11,45,0.04633,-3.05311e-15,1.0001
12,45,0.04633,-2.96985e-15,1.00009
13,45,0.04633,-2.6229e-15,1.00008
14,45,0.04633,-2.33147e-15,1.00007
15,45,0.04633,-2.15106e-15,1.00006
16,45,0.04633,-1.95677e-15,1.00005
17,45,0.04633,-1.67921e-15,1.00004
18,45,0.04633,-1.40166e-15,1.00003
19,45,0.04633,-1.15186e-15,1.00002
20,45,0.04633,-9.02056e-16,1.00001
21,45,0.04633,-9.71445e-16,1
1,46,0.04606,-3.63598e-15,1.0002
2,46,0.04606,-3.76088e-15,1.00019
3,46,0.04606,-3.77476e-15,1.00018
4,46,0.04606,-3.69149e-15,1.00017
5,46,0.04606,-3.92741e-15,1.00016
6,46,0.04606,-3.9968e-15,1.00015
7,46,0.04606,-3.85803e-15,1.00014
8,46,0.04606,-3.92741e-15,1.00013
9,46,0.04606,-3.78864e-15,1.00012
10,46,0.04606,-3.58047e-15,1.00011
11,46,0.04606,-3.71925e-15,1.0001
12,46,0.04606,-3.48332e-15,1.00009
13,46,0.04606,-3.16414e-15,1.00008
14,46,0.04606,-3.02536e-15,1.00007
15,46,0.04606,-2.7478e-15,1.00006
16,46,0.04606,-2.48412e-15,1.00005
17,46,0.04606,-1.98452e-15,1.00004
18,46,0.04606,-1.79023e-15,1.00003
19,46,0.04606,-1.4988e-15,1.00002
20,46,0.04606,-1.31839e-15,1.00001
21,46,0.04606,-1.30451e-15,1
1,47,0.04573,-4.10783e-15,1.0002
2,47,0.04573,-4.21885e-15,1.00019
3,47,0.04573,-4.19109e-15,1.00018
4,47,0.04573,-4.3715e-15,1.00017
5,47,0.04573,-4.52416e-15,1.00016
6,47,0.04573,-4.55191e-15,1.00015
7,47,0.04573,-4.56579e-15,1.00014
8,47,0.04573,-4.42701e-15,1.00013
9,47,0.04573,-4.23273e-15,1.00012
10,47,0.04573,-4.13558e-15,1.00011
11,47,0.04573,-4.05231e-15,1.0001
12,47,0.04573,-3.80251e-15,1.00009
13,47,0.04573,-3.67761e-15,1.00008
14,47,0.04573,-3.55271e-15,1.00007
15,47,0.04573,-3.27516e-15,1.00006
16,47,0.04573,-2.88658e-15,1.00005
17,47,0.04573,-2.48412e-15,1.00004
18,47,0.04573,-2.16493e-15,1.00003
19,47,0.04573,-2.06779e-15,1.00002
20,47,0.04573,-1.88738e-15,1.00001
21,47,0.04573,-1.55431e-15,1
1,48,0.04534,-4.82947e-15,1.0002
2,48,0.04534,-5.05151e-15,1.00019
3,48,0.04534,-5.20417e-15,1.00018
4,48,0.04534,-5.41234e-15,1.00017
5,48,0.04534,-5.55112e-15,1.00016
6,48,0.04534,-5.59275e-15,1.00015
7,48,0.04534,-5.3707e-15,1.00014
8,48,0.04534,-5.13478e-15,1.00013
9,48,0.04534,-5.06539e-15,1.00012
10,48,0.04534,-4.91274e-15,1.00011
11,48,0.04534,-4.70457e-15,1.0001
12,48,0.04534,-4.71845e-15,1.00009
13,48,0.04534,-4.35763e-15,1.00008
14,48,0.04534,-3.95517e-15,1.00007
15,48,0.04534,-3.77476e-15,1.00006
16,48,0.04534,-3.38618e-15,1.00005
17,48,0.04534,-3.02536e-15,1.00004
18,48,0.04534,-2.66454e-15,1.00003
19,48,0.04534,-2.31759e-15,1.00002
20,48,0.04534,-2.02616e-15,1.00001
21,48,0.04534,-1.81799e-15,1
1,49,0.04489,-5.20417e-15,1.0002
2,49,0.04489,-5.41234e-15,1.00019
3,49,0.04489,-5.81479e-15,1.00018
4,49,0.04489,-5.91194e-15,1.00017
5,49,0.04489,-5.93969e-15,1.00016
6,49,0.04489,-5.89806e-15,1.00015
7,49,0.04489,-5.77316e-15,1.00014
8,49,0.04489,-5.4956e-15,1.00013
9,49,0.04489,-5.63438e-15,1.00012
10,49,0.04489,-5.64826e-15,1.00011
11,49,0.04489,-5.41234e-15,1.0001
12,49,0.04489,-5.10703e-15,1.00009
13,49,0.04489,-4.88498e-15,1.00008
14,49,0.04489,-4.45477e-15,1.00007
15,49,0.04489,-4.23273e-15,1.00006
16,49,0.04489,-3.78864e-15,1.00005
17,49,0.04489,-3.42781e-15,1.00004
18,49,0.04489,-3.02536e-15,1.00003
19,49,0.04489,-2.42861e-15,1.00002
20,49,0.04489,-2.13718e-15,1.00001
21,49,0.04489,-1.91513e-15,1
1,50,0.04438,-5.91194e-15,1.0002
2,50,0.04438,-6.1201e-15,1.00019
3,50,0.04438,-6.34215e-15,1.00018
4,50,0.04438,-6.42542e-15,1.00017
5,50,0.04438,-6.41154e-15,1.00016
6,50,0.04438,-6.34215e-15,1.00015
7,50,0.04438,-6.32827e-15,1.00014
8,50,0.04438,-6.35603e-15,1.00013
9,50,0.04438,-6.3699e-15,1.00012
10,50,0.04438,-6.245e-15,1.00011
11,50,0.04438,-5.84255e-15,1.0001
12,50,0.04438,-5.6205e-15,1.00009
13,50,0.04438,-5.48173e-15,1.00008
14,50,0.04438,-5.09315e-15,1.00007
15,50,0.04438,-4.48253e-15,1.00006
16,50,0.04438,-4.06619e-15,1.00005
17,50,0.04438,-3.64986e-15,1.00004
18,50,0.04438,-3.03924e-15,1.00003
19,50,0.04438,-2.53964e-15,1.00002
20,50,0.04438,-2.41474e-15,1.00001
21,50,0.04438,-2.13718e-15,1
1,51,0.04381,-6.31439e-15,1.0002
2,51,0.04381,-6.55032e-15,1.00019
3,51,0.04381,-6.67522e-15,1.00018
4,51,0.04381,-6.93889e-15,1.00017
5,51,0.04381,-6.98053e-15,1.00016
6,51,0.04381,-6.92502e-15,1.00015
7,51,0.04381,-6.95277e-15,1.00014
8,51,0.04381,-6.88338e-15,1.00013
9,51,0.04381,-6.71685e-15,1.00012
10,51,0.04381,-6.6197e-15,1.00011
11,51,0.04381,-6.60583e-15,1.0001
12,51,0.04381,-6.25888e-15,1.00009
13,51,0.04381,-5.78704e-15,1.00008
14,51,0.04381,-5.48173e-15,1.00007
15,51,0.04381,-5.07927e-15,1.00006
16,51,0.04381,-4.66294e-15,1.00005
17,51,0.04381,-4.21885e-15,1.00004
18,51,0.04381,-3.45557e-15,1.00003
19,51,0.04381,-3.08087e-15,1.00002
20,51,0.04381,-2.60902e-15,1.00001
21,51,0.04381,-2.44249e-15,1
1,52,0.04318,-6.88338e-15,1.0002
2,52,0.04318,-7.14706e-15,1.00019
3,52,0.04318,-7.35523e-15,1.00018
4,52,0.04318,-7.39686e-15,1.00017
5,52,0.04318,-7.36911e-15,1.00016
6,52,0.04318,-7.41074e-15,1.00015
7,52,0.04318,-7.50788e-15,1.00014
8,52,0.04318,-7.46625e-15,1.00013
9,52,0.04318,-7.25808e-15,1.00012
10,52,0.04318,-7.00828e-15,1.00011
11,52,0.04318,-6.95277e-15,1.0001
12,52,0.04318,-6.82787e-15,1.00009
13,52,0.04318,-6.42542e-15,1.00008
14,52,0.04318,-5.88418e-15,1.00007
15,52,0.04318,-5.52336e-15,1.00006
16,52,0.04318,-5.02376e-15,1.00005
17,52,0.04318,-4.39926e-15,1.00004
18,52,0.04318,-3.88578e-15,1.00003
19,52,0.04318,-3.41394e-15,1.00002
20,52,0.04318,-2.80331e-15,1.00001
21,52,0.04318,-2.45637e-15,1
1,53,0.04249,-7.02216e-15,1.0002
2,53,0.04249,-7.24421e-15,1.00019
3,53,0.04249,-7.53564e-15,1.00018
4,53,0.04249,-7.75768e-15,1.00017
5,53,0.04249,-7.72993e-15,1.00016
6,53,0.04249,-7.68829e-15,1.00015
7,53,0.04249,-7.77156e-15,1.00014
8,53,0.04249,-7.86871e-15,1.00013
9,53,0.04249,-7.93809e-15,1.00012
10,53,0.04249,-7.77156e-15,1.00011
11,53,0.04249,-7.43849e-15,1.0001
12,53,0.04249,-7.14706e-15,1.00009
13,53,0.04249,-7.06379e-15,1.00008
14,53,0.04249,-6.66134e-15,1.00007
15,53,0.04249,-5.92582e-15,1.00006
16,53,0.04249,-5.19029e-15,1.00005
17,53,0.04249,-4.51028e-15,1.00004
18,53,0.04249,-4.17721e-15,1.00003
19,53,0.04249,-3.66374e-15,1.00002
20,53,0.04249,-3.13638e-15,1.00001
21,53,0.04249,-2.73392e-15,1
1,54,0.04174,-7.46625e-15,1.0002
2,54,0.04174,-7.67442e-15,1.00019
3,54,0.04174,-7.93809e-15,1.00018
4,54,0.04174,-8.25728e-15,1.00017
5,54,0.04174,-8.29892e-15,1.00016
6,54,0.04174,-8.34055e-15,1.00015
7,54,0.04174,-8.29892e-15,1.00014
8,54,0.04174,-8.28504e-15,1.00013
9,54,0.04174,-8.25728e-15,1.00012
10,54,0.04174,-8.16014e-15,1.00011
11,54,0.04174,-7.81319e-15,1.0001
12,54,0.04174,-7.42462e-15,1.00009
13,54,0.04174,-6.93889e-15,1.00008
14,54,0.04174,-6.60583e-15,1.00007
15,54,0.04174,-5.96745e-15,1.00006
16,54,0.04174,-5.3707e-15,1.00005
17,54,0.04174,-4.84335e-15,1.00004
18,54,0.04174,-4.2466e-15,1.00003
19,54,0.04174,-3.67761e-15,1.00002
20,54,0.04174,-3.08087e-15,1.00001
21,54,0.04174,-2.7478e-15,1
1,55,0.04093,-7.63278e-15,1.0002
2,55,0.04093,-7.92422e-15,1.00019
3,55,0.04093,-8.24341e-15,1.00018
4,55,0.04093,-8.25728e-15,1.00017
5,55,0.04093,-8.64586e-15,1.00016
6,55,0.04093,-8.75688e-15,1.00015
7,55,0.04093,-8.67362e-15,1.00014
8,55,0.04093,-8.63198e-15,1.00013
9,55,0.04093,-8.53484e-15,1.00012
10,55,0.04093,-8.16014e-15,1.00011
11,55,0.04093,-7.96585e-15,1.0001
12,55,0.04093,-7.67442e-15,1.00009
13,55,0.04093,-7.38298e-15,1.00008
14,55,0.04093,-6.71685e-15,1.00007
15,55,0.04093,-6.17562e-15,1.00006
16,55,0.04093,-5.55112e-15,1.00005
17,55,0.04093,-5.07927e-15,1.00004
18,55,0.04093,-4.35763e-15,1.00003
19,55,0.04093,-3.64986e-15,1.00002
20,55,0.04093,-3.34455e-15,1.00001
21,55,0.04093,-2.92821e-15,1
1,56,0.04006,-7.95197e-15,1.0002
2,56,0.04006,-8.18789e-15,1.00019
3,56,0.04006,-8.38218e-15,1.00018
4,56,0.04006,-8.59035e-15,1.00017
5,56,0.04006,-8.85403e-15,1.00016
6,56,0.04006,-9.02056e-15,1.00015
7,56,0.04006,-9.03444e-15,1.00014
8,56,0.04006,-8.9373e-15,1.00013
9,56,0.04006,-8.82627e-15,1.00012
10,56,0.04006,-8.72913e-15,1.00011
11,56,0.04006,-8.29892e-15,1.0001
12,56,0.04006,-7.75768e-15,1.00009
13,56,0.04006,-7.36911e-15,1.00008
14,56,0.04006,-6.89726e-15,1.00007
15,56,0.04006,-6.25888e-15,1.00006
16,56,0.04006,-5.67602e-15,1.00005
17,56,0.04006,-5.19029e-15,1.00004
18,56,0.04006,-4.6213e-15,1.00003
19,56,0.04006,-4.02456e-15,1.00002
20,56,0.04006,-3.38618e-15,1.00001
21,56,0.04006,-3.02536e-15,1
1,57,0.03913,-8.04912e-15,1.0002
2,57,0.03913,-8.34055e-15,1.00019
3,57,0.03913,-8.46545e-15,1.00018
4,57,0.03913,-8.65974e-15,1.00017
5,57,0.03913,-8.75688e-15,1.00016
6,57,0.03913,-8.82627e-15,1.00015
7,57,0.03913,-9.00668e-15,1.00014
8,57,0.03913,-9.08995e-15,1.00013
9,57,0.03913,-8.92342e-15,1.00012
10,57,0.03913,-8.75688e-15,1.00011
11,57,0.03913,-8.49321e-15,1.0001
12,57,0.03913,-8.27116e-15,1.00009
13,57,0.03913,-7.75768e-15,1.00008
14,57,0.03913,-7.24421e-15,1.00007
15,57,0.03913,-6.67522e-15,1.00006
16,57,0.03913,-6.13398e-15,1.00005
17,57,0.03913,-5.31519e-15,1.00004
18,57,0.03913,-4.53804e-15,1.00003
19,57,0.03913,-3.92741e-15,1.00002
20,57,0.03913,-3.20577e-15,1.00001
21,57,0.03913,-2.92821e-15,1
1,58,0.03814,-8.32667e-15,1.0002
2,58,0.03814,-8.67362e-15,1.00019
3,58,0.03814,-8.88178e-15,1.00018
4,58,0.03814,-8.9373e-15,1.00017
5,58,0.03814,-9.1871e-15,1.00016
6,58,0.03814,-9.47853e-15,1.00015
7,58,0.03814,-9.39526e-15,1.00014
8,58,0.03814,-9.20097e-15,1.00013
9,58,0.03814,-9.17322e-15,1.00012
10,58,0.03814,-8.92342e-15,1.00011
11,58,0.03814,-8.59035e-15,1.0001
12,58,0.03814,-8.03524e-15,1.00009
13,58,0.03814,-7.59115e-15,1.00008
14,58,0.03814,-7.07767e-15,1.00007
15,58,0.03814,-6.81399e-15,1.00006
16,58,0.03814,-6.20337e-15,1.00005
17,58,0.03814,-5.59275e-15,1.00004
18,58,0.03814,-4.70457e-15,1.00003
19,58,0.03814,-3.9968e-15,1.00002
20,58,0.03814,-3.44169e-15,1.00001
21,58,0.03814,-3.15026e-15,1
1,59,0.03709,-8.20177e-15,1.0002
2,59,0.03709,-8.5626e-15,1.00019
3,59,0.03709,-8.82627e-15,1.00018
4,59,0.03709,-9.11771e-15,1.00017
5,59,0.03709,-9.1871e-15,1.00016
6,59,0.03709,-9.28424e-15,1.00015
7,59,0.03709,-9.27036e-15,1.00014
8,59,0.03709,-9.28424e-15,1.00013
9,59,0.03709,-9.20097e-15,1.00012
10,59,0.03709,-8.96505e-15,1.00011
11,59,0.03709,-8.71525e-15,1.0001
12,59,0.03709,-8.22953e-15,1.00009
13,59,0.03709,-7.66054e-15,1.00008
14,59,0.03709,-7.28584e-15,1.00007
15,59,0.03709,-6.85563e-15,1.00006
16,59,0.03709,-6.14786e-15,1.00005
17,59,0.03709,-5.60663e-15,1.00004
18,59,0.03709,-4.7462e-15,1.00003
19,59,0.03709,-4.10783e-15,1.00002
20,59,0.03709,-3.41394e-15,1.00001
21,59,0.03709,-2.9976e-15,1
1,60,0.03598,-8.31279e-15,1.0002
2,60,0.03598,-8.64586e-15,1.00019
3,60,0.03598,-8.95117e-15,1.00018
4,60,0.03598,-9.13158e-15,1.00017
5,60,0.03598,-9.1871e-15,1.00016
6,60,0.03598,-9.22873e-15,1.00015
7,60,0.03598,-9.53404e-15,1.00014
8,60,0.03598,-9.47853e-15,1.00013
9,60,0.03598,-9.24261e-15,1.00012
10,60,0.03598,-9.00668e-15,1.00011
11,60,0.03598,-8.82627e-15,1.0001
12,60,0.03598,-8.53484e-15,1.00009
13,60,0.03598,-8.03524e-15,1.00008
14,60,0.03598,-7.46625e-15,1.00007
15,60,0.03598,-6.67522e-15,1.00006
16,60,0.03598,-5.98133e-15,1.00005
17,60,0.03598,-5.1209e-15,1.00004
18,60,0.03598,-4.59355e-15,1.00003
19,60,0.03598,-3.92741e-15,1.00002
20,60,0.03598,-3.40006e-15,1.00001
21,60,0.03598,-3.08087e-15,1
1,61,0.03481,-8.17402e-15,1.0002
2,61,0.03481,-8.46545e-15,1.00019
3,61,0.03481,-8.78464e-15,1.00018
4,61,0.03481,-8.97893e-15,1.00017
5,61,0.03481,-9.1871e-15,1.00016
6,61,0.03481,-9.40914e-15,1.00015
7,61,0.03481,-9.25648e-15,1.00014
8,61,0.03481,-9.29812e-15,1.00013
9,61,0.03481,-9.27036e-15,1.00012
10,61,0.03481,-8.97893e-15,1.00011
11,61,0.03481,-8.71525e-15,1.0001
12,61,0.03481,-8.46545e-15,1.00009
13,61,0.03481,-8.02136e-15,1.00008
14,61,0.03481,-7.46625e-15,1.00007
15,61,0.03481,-6.70297e-15,1.00006
16,61,0.03481,-5.8703e-15,1.00005
17,61,0.03481,-5.21805e-15,1.00004
18,61,0.03481,-4.73233e-15,1.00003
19,61,0.03481,-3.89966e-15,1.00002
20,61,0.03481,-3.27516e-15,1.00001
21,61,0.03481,-2.98372e-15,1
1,62,0.03358,-8.14626e-15,1.0002
2,62,0.03358,-8.53484e-15,1.00019
3,62,0.03358,-8.92342e-15,1.00018
4,62,0.03358,-8.96505e-15,1.00017
5,62,0.03358,-9.11771e-15,1.00016
6,62,0.03358,-9.32587e-15,1.00015
7,62,0.03358,-9.35363e-15,1.00014
8,62,0.03358,-9.40914e-15,1.00013
9,62,0.03358,-9.25648e-15,1.00012
10,62,0.03358,-8.97893e-15,1.00011
11,62,0.03358,-8.71525e-15,1.0001
12,62,0.03358,-8.39606e-15,1.00009
13,62,0.03358,-7.89646e-15,1.00008
14,62,0.03358,-7.34135e-15,1.00007
15,62,0.03358,-6.63358e-15,1.00006
16,62,0.03358,-5.96745e-15,1.00005
17,62,0.03358,-5.21805e-15,1.00004
18,62,0.03358,-4.55191e-15,1.00003
19,62,0.03358,-3.89966e-15,1.00002
20,62,0.03358,-3.44169e-15,1.00001
21,62,0.03358,-2.92821e-15,1
1,63,0.03229,-7.82707e-15,1.0002
2,63,0.03229,-8.28504e-15,1.00019
3,63,0.03229,-8.53484e-15,1.00018
4,63,0.03229,-8.72913e-15,1.00017
5,63,0.03229,-8.84015e-15,1.00016
6,63,0.03229,-8.92342e-15,1.00015
7,63,0.03229,-9.07607e-15,1.00014
8,63,0.03229,-9.04832e-15,1.00013
9,63,0.03229,-8.96505e-15,1.00012
10,63,0.03229,-8.74301e-15,1.00011
11,63,0.03229,-8.42382e-15,1.0001
12,63,0.03229,-8.29892e-15,1.00009
13,63,0.03229,-7.88258e-15,1.00008
14,63,0.03229,-7.18869e-15,1.00007
15,63,0.03229,-6.52256e-15,1.00006
16,63,0.03229,-5.82867e-15,1.00005
17,63,0.03229,-5.13478e-15,1.00004
18,63,0.03229,-4.44089e-15,1.00003
19,63,0.03229,-3.80251e-15,1.00002
20,63,0.03229,-3.28904e-15,1.00001
21,63,0.03229,-2.8727e-15,1
1,64,0.03094,-7.72993e-15,1.0002
2,64,0.03094,-8.02136e-15,1.00019
3,64,0.03094,-8.18789e-15,1.00018
4,64,0.03094,-8.59035e-15,1.00017
5,64,0.03094,-8.70137e-15,1.00016
6,64,0.03094,-8.8124e-15,1.00015
7,64,0.03094,-8.84015e-15,1.00014
8,64,0.03094,-8.72913e-15,1.00013
9,64,0.03094,-8.67362e-15,1.00012
10,64,0.03094,-8.49321e-15,1.00011
11,64,0.03094,-8.02136e-15,1.0001
12,64,0.03094,-7.71605e-15,1.00009
13,64,0.03094,-7.24421e-15,1.00008
14,64,0.03094,-6.88338e-15,1.00007
15,64,0.03094,-6.27276e-15,1.00006
16,64,0.03094,-5.55112e-15,1.00005
17,64,0.03094,-4.85723e-15,1.00004
18,64,0.03094,-4.05231e-15,1.00003
19,64,0.03094,-3.40006e-15,1.00002
20,64,0.03094,-2.9976e-15,1.00001
21,64,0.03094,-2.76168e-15,1
1,65,0.02953,-7.35523e-15,1.0002
2,65,0.02953,-7.52176e-15,1.00019
3,65,0.02953,-7.86871e-15,1.00018
4,65,0.02953,-7.99361e-15,1.00017
5,65,0.02953,-8.18789e-15,1.00016
6,65,0.02953,-8.31279e-15,1.00015
7,65,0.02953,-8.31279e-15,1.00014
8,65,0.02953,-8.32667e-15,1.00013
9,65,0.02953,-8.31279e-15,1.00012
10,65,0.02953,-8.27116e-15,1.00011
11,65,0.02953,-8.02136e-15,1.0001
12,65,0.02953,-7.50788e-15,1.00009
13,65,0.02953,-6.99441e-15,1.00008
14,65,0.02953,-6.41154e-15,1.00007
15,65,0.02953,-5.91194e-15,1.00006
16,65,0.02953,-5.39846e-15,1.00005
17,65,0.02953,-4.7462e-15,1.00004
18,65,0.02953,-3.96905e-15,1.00003
19,65,0.02953,-3.38618e-15,1.00002
20,65,0.02953,-2.76168e-15,1.00001
21,65,0.02953,-2.48412e-15,1
1,66,0.02806,-7.07767e-15,1.0002
2,66,0.02806,-7.36911e-15,1.00019
3,66,0.02806,-7.68829e-15,1.00018
4,66,0.02806,-7.91034e-15,1.00017
5,66,0.02806,-8.06299e-15,1.00016
6,66,0.02806,-8.04912e-15,1.00015
7,66,0.02806,-8.06299e-15,1.00014
8,66,0.02806,-8.06299e-15,1.00013
9,66,0.02806,-7.91034e-15,1.00012
10,66,0.02806,-7.72993e-15,1.00011
11,66,0.02806,-7.61891e-15,1.0001
12,66,0.02806,-7.32747e-15,1.00009
13,66,0.02806,-6.67522e-15,1.00008
14,66,0.02806,-6.23113e-15,1.00007
15,66,0.02806,-5.70377e-15,1.00006
16,66,0.02806,-5.1209e-15,1.00005
17,66,0.02806,-4.41314e-15,1.00004
18,66,0.02806,-3.95517e-15,1.00003
19,66,0.02806,-3.21965e-15,1.00002
20,66,0.02806,-2.72005e-15,1.00001
21,66,0.02806,-2.48412e-15,1
1,67,0.02653,-6.77236e-15,1.0002
2,67,0.02653,-7.07767e-15,1.00019
3,67,0.02653,-7.14706e-15,1.00018
4,67,0.02653,-7.29972e-15,1.00017
5,67,0.02653,-7.48013e-15,1.00016
6,67,0.02653,-7.70217e-15,1.00015
7,67,0.02653,-7.70217e-15,1.00014
8,67,0.02653,-7.53564e-15,1.00013
9,67,0.02653,-7.50788e-15,1.00012
10,67,0.02653,-7.24421e-15,1.00011
11,67,0.02653,-6.95277e-15,1.0001
12,67,0.02653,-6.70297e-15,1.00009
13,67,0.02653,-6.17562e-15,1.00008
14,67,0.02653,-5.7454e-15,1.00007
15,67,0.02653,-5.3707e-15,1.00006
16,67,0.02653,-4.84335e-15,1.00005
17,67,0.02653,-4.26048e-15,1.00004
18,67,0.02653,-3.58047e-15,1.00003
19,67,0.02653,-3.09475e-15,1.00002
20,67,0.02653,-2.81719e-15,1.00001
21,67,0.02653,-2.41474e-15,1
1,68,0.02494,-6.25888e-15,1.0002
2,68,0.02494,-6.46705e-15,1.00019
3,68,0.02494,-6.81399e-15,1.00018
4,68,0.02494,-6.95277e-15,1.00017
5,68,0.02494,-7.20257e-15,1.00016
6,68,0.02494,-7.38298e-15,1.00015
7,68,0.02494,-7.49401e-15,1.00014
8,68,0.02494,-7.29972e-15,1.00013
9,68,0.02494,-7.14706e-15,1.00012
10,68,0.02494,-6.93889e-15,1.00011
11,68,0.02494,-6.64746e-15,1.0001
12,68,0.02494,-6.17562e-15,1.00009
13,68,0.02494,-5.82867e-15,1.00008
14,68,0.02494,-5.3707e-15,1.00007
15,68,0.02494,-4.88498e-15,1.00006
16,68,0.02494,-4.45477e-15,1.00005
17,68,0.02494,-4.01068e-15,1.00004
18,68,0.02494,-3.51108e-15,1.00003
19,68,0.02494,-3.03924e-15,1.00002
20,68,0.02494,-2.41474e-15,1.00001
21,68,0.02494,-2.06779e-15,1
1,69,0.02329,-5.78704e-15,1.0002
2,69,0.02329,-5.93969e-15,1.00019
3,69,0.02329,-6.17562e-15,1.00018
4,69,0.02329,-6.39766e-15,1.00017
5,69,0.02329,-6.52256e-15,1.00016
6,69,0.02329,-6.41154e-15,1.00015
7,69,0.02329,-6.64746e-15,1.00014
8,69,0.02329,-6.60583e-15,1.00013
9,69,0.02329,-6.3699e-15,1.00012
10,69,0.02329,-6.30052e-15,1.00011
11,69,0.02329,-5.88418e-15,1.0001
12,69,0.02329,-5.57887e-15,1.00009
13,69,0.02329,-5.30131e-15,1.00008
14,69,0.02329,-4.996e-15,1.00007
15,69,0.02329,-4.57967e-15,1.00006
16,69,0.02329,-4.16334e-15,1.00005
17,69,0.02329,-3.78864e-15,1.00004
18,69,0.02329,-3.21965e-15,1.00003
19,69,0.02329,-2.7478e-15,1.00002
20,69,0.02329,-2.27596e-15,1.00001
21,69,0.02329,-1.92901e-15,1
1,70,0.02158,-5.23193e-15,1.0002
2,70,0.02158,-5.53724e-15,1.00019
3,70,0.02158,-5.85643e-15,1.00018
4,70,0.02158,-5.98133e-15,1.00017
5,70,0.02158,-5.8703e-15,1.00016
6,70,0.02158,-6.02296e-15,1.00015
7,70,0.02158,-6.09235e-15,1.00014
8,70,0.02158,-6.10623e-15,1.00013
9,70,0.02158,-6.05072e-15,1.00012
10,70,0.02158,-5.82867e-15,1.00011
11,70,0.02158,-5.59275e-15,1.0001
12,70,0.02158,-5.21805e-15,1.00009
13,70,0.02158,-5.00988e-15,1.00008
14,70,0.02158,-4.6213e-15,1.00007
15,70,0.02158,-4.17721e-15,1.00006
16,70,0.02158,-3.60822e-15,1.00005
17,70,0.02158,-3.15026e-15,1.00004
18,70,0.02158,-2.80331e-15,1.00003
19,70,0.02158,-2.33147e-15,1.00002
20,70,0.02158,-2.16493e-15,1.00001
21,70,0.02158,-1.88738e-15,1
1,71,0.01981,-4.71845e-15,1.0002
2,71,0.01981,-4.85723e-15,1.00019
3,71,0.01981,-4.92661e-15,1.00018
4,71,0.01981,-5.23193e-15,1.00017
5,71,0.01981,-5.31519e-15,1.00016
6,71,0.01981,-5.32907e-15,1.00015
7,71,0.01981,-5.21805e-15,1.00014
8,71,0.01981,-5.17641e-15,1.00013
9,71,0.01981,-5.1209e-15,1.00012
10,71,0.01981,-5.03764e-15,1.00011
11,71,0.01981,-4.8711e-15,1.0001
12,71,0.01981,-4.55191e-15,1.00009
13,71,0.01981,-4.26048e-15,1.00008
14,71,0.01981,-4.01068e-15,1.00007
15,71,0.01981,-3.56659e-15,1.00006
16,71,0.01981,-3.21965e-15,1.00005
17,71,0.01981,-2.76168e-15,1.00004
18,71,0.01981,-2.40086e-15,1.00003
19,71,0.01981,-2.2482e-15,1.00002
20,71,0.01981,-1.90126e-15,1.00001
21,71,0.01981,-1.59595e-15,1
1,72,0.01798,-4.14946e-15,1.0002
2,72,0.01798,-4.3715e-15,1.00019
3,72,0.01798,-4.51028e-15,1.00018
4,72,0.01798,-4.77396e-15,1.00017
5,72,0.01798,-4.92661e-15,1.00016
6,72,0.01798,-4.78784e-15,1.00015
7,72,0.01798,-4.56579e-15,1.00014
8,72,0.01798,-4.48253e-15,1.00013
9,72,0.01798,-4.48253e-15,1.00012
10,72,0.01798,-4.30211e-15,1.00011
11,72,0.01798,-4.03844e-15,1.0001
12,72,0.01798,-4.03844e-15,1.00009
13,72,0.01798,-3.747e-15,1.00008
14,72,0.01798,-3.4972e-15,1.00007
15,72,0.01798,-3.23352e-15,1.00006
16,72,0.01798,-2.96985e-15,1.00005
17,72,0.01798,-2.52576e-15,1.00004
18,72,0.01798,-2.22045e-15,1.00003
19,72,0.01798,-1.85962e-15,1.00002
20,72,0.01798,-1.58207e-15,1.00001
21,72,0.01798,-1.249e-15,1
1,73,0.01609,-3.58047e-15,1.0002
2,73,0.01609,-3.85803e-15,1.00019
3,73,0.01609,-4.03844e-15,1.00018
4,73,0.01609,-3.95517e-15,1.00017
5,73,0.01609,-4.1217e-15,1.00016
6,73,0.01609,-4.03844e-15,1.00015
7,73,0.01609,-3.9968e-15,1.00014
8,73,0.01609,-3.84415e-15,1.00013
9,73,0.01609,-3.70537e-15,1.00012
10,73,0.01609,-3.56659e-15,1.00011
11,73,0.01609,-3.33067e-15,1.0001
12,73,0.01609,-3.08087e-15,1.00009
13,73,0.01609,-2.95597e-15,1.00008
14,73,0.01609,-3.03924e-15,1.00007
15,73,0.01609,-2.8727e-15,1.00006
16,73,0.01609,-2.55351e-15,1.00005
17,73,0.01609,-2.19269e-15,1.00004
18,73,0.01609,-1.8735e-15,1.00003
19,73,0.01609,-1.59595e-15,1.00002
20,73,0.01609,-1.34615e-15,1.00001
21,73,0.01609,-1.16573e-15,1
1,74,0.01414,-3.01148e-15,1.0002
2,74,0.01414,-3.15026e-15,1.00019
3,74,0.01414,-3.2474e-15,1.00018
4,74,0.01414,-3.23352e-15,1.00017
5,74,0.01414,-3.30291e-15,1.00016
6,74,0.01414,-3.13638e-15,1.00015
7,74,0.01414,-3.1225e-15,1.00014
8,74,0.01414,-2.9976e-15,1.00013
9,74,0.01414,-3.05311e-15,1.00012
10,74,0.01414,-2.95597e-15,1.00011
11,74,0.01414,-2.80331e-15,1.0001
12,74,0.01414,-2.6229e-15,1.00009
13,74,0.01414,-2.60902e-15,1.00008
14,74,0.01414,-2.28983e-15,1.00007
15,74,0.01414,-2.1233e-15,1.00006
16,74,0.01414,-1.97065e-15,1.00005
17,74,0.01414,-1.85962e-15,1.00004
18,74,0.01414,-1.52656e-15,1.00003
19,74,0.01414,-1.249e-15,1.00002
20,74,0.01414,-1.06859e-15,1.00001
21,74,0.01414,-8.60423e-16,1
1,75,0.01213,-2.42861e-15,1.0002
2,75,0.01213,-2.47025e-15,1.00019
3,75,0.01213,-2.53964e-15,1.00018
4,75,0.01213,-2.53964e-15,1.00017
5,75,0.01213,-2.47025e-15,1.00016
6,75,0.01213,-2.53964e-15,1.00015
7,75,0.01213,-2.45637e-15,1.00014
8,75,0.01213,-2.34535e-15,1.00013
9,75,0.01213,-2.13718e-15,1.00012
10,75,0.01213,-2.08167e-15,1.00011
11,75,0.01213,-2.16493e-15,1.0001
12,75,0.01213,-2.15106e-15,1.00009
13,75,0.01213,-1.8735e-15,1.00008
14,75,0.01213,-1.58207e-15,1.00007
15,75,0.01213,-1.48492e-15,1.00006
16,75,0.01213,-1.41553e-15,1.00005
17,75,0.01213,-1.44329e-15,1.00004
18,75,0.01213,-1.40166e-15,1.00003
19,75,0.01213,-1.09635e-15,1.00002
20,75,0.01213,-7.77156e-16,1.00001
21,75,0.01213,-5.82867e-16,1
1,76,0.01006,-1.88738e-15,1.0002
2,76,0.01006,-2.05391e-15,1.00019
3,76,0.01006,-1.9984e-15,1.00018
4,76,0.01006,-1.70697e-15,1.00017
5,76,0.01006,-1.59595e-15,1.00016
6,76,0.01006,-1.66533e-15,1.00015
7,76,0.01006,-1.83187e-15,1.00014
8,76,0.01006,-1.79023e-15,1.00013
9,76,0.01006,-1.56819e-15,1.00012
10,76,0.01006,-1.48492e-15,1.00011
11,76,0.01006,-1.44329e-15,1.0001
12,76,0.01006,-1.30451e-15,1.00009
13,76,0.01006,-1.19349e-15,1.00008
14,76,0.01006,-1.249e-15,1.00007
15,76,0.01006,-1.19349e-15,1.00006
16,76,0.01006,-9.57567e-16,1.00005
17,76,0.01006,-8.04912e-16,1.00004
18,76,0.01006,-7.91034e-16,1.00003
19,76,0.01006,-7.91034e-16,1.00002
20,76,0.01006,-7.49401e-16,1.00001
21,76,0.01006,-6.10623e-16,1
1,77,0.00793,-1.40166e-15,1.0002
2,77,0.00793,-1.26288e-15,1.00019
3,77,0.00793,-1.06859e-15,1.00018
4,77,0.00793,-9.85323e-16,1.00017
5,77,0.00793,-9.57567e-16,1.00016
6,77,0.00793,-8.74301e-16,1.00015
7,77,0.00793,-8.60423e-16,1.00014
8,77,0.00793,-7.35523e-16,1.00013
9,77,0.00793,-8.04912e-16,1.00012
10,77,0.00793,-8.88178e-16,1.00011
11,77,0.00793,-8.46545e-16,1.0001
12,77,0.00793,-6.93889e-16,1.00009
13,77,0.00793,-6.80012e-16,1.00008
14,77,0.00793,-7.35523e-16,1.00007
15,77,0.00793,-6.93889e-16,1.00006
16,77,0.00793,-6.80012e-16,1.00005
17,77,0.00793,-3.747e-16,1.00004
18,77,0.00793,-3.60822e-16,1.00003
19,77,0.00793,-2.77556e-16,1.00002
20,77,0.00793,-2.63678e-16,1.00001
21,77,0.00793,-2.498e-16,1
1,78,0.00574,-8.60423e-16,1.0002
2,78,0.00574,-6.38378e-16,1.00019
3,78,0.00574,-4.85723e-16,1.00018
4,78,0.00574,-4.30211e-16,1.00017
5,78,0.00574,-4.44089e-16,1.00016
6,78,0.00574,-4.02456e-16,1.00015
7,78,0.00574,-3.05311e-16,1.00014
8,78,0.00574,-4.30211e-16,1.00013
9,78,0.00574,-5.13478e-16,1.00012
10,78,0.00574,-5.41234e-16,1.00011
11,78,0.00574,-5.27356e-16,1.0001
12,78,0.00574,-4.996e-16,1.00009
13,78,0.00574,-3.19189e-16,1.00008
14,78,0.00574,-2.08167e-16,1.00007
15,78,0.00574,-2.35922e-16,1.00006
16,78,0.00574,-2.35922e-16,1.00005
17,78,0.00574,-1.94289e-16,1.00004
18,78,0.00574,-8.32667e-17,1.00003
19,78,0.00574,1.38778e-17,1.00002
20,78,0.00574,-1.249e-16,1.00001
21,78,0.00574,-1.94289e-16,1
1,79,0.00349,-6.10623e-16,1.0002
2,79,0.00349,-5.41234e-16,1.00019
3,79,0.00349,-3.19189e-16,1.00018
4,79,0.00349,-1.11022e-16,1.00017
5,79,0.00349,1.249e-16,1.00016
6,79,0.00349,1.80411e-16,1.00015
7,79,0.00349,-2.77556e-17,1.00014
8,79,0.00349,-3.19189e-16,1.00013
9,79,0.00349,-2.08167e-16,1.00012
10,79,0.00349,-1.66533e-16,1.00011
11,79,0.00349,-5.55112e-17,1.0001
12,79,0.00349,-1.38778e-16,1.00009
13,79,0.00349,-1.249e-16,1.00008
14,79,0.00349,-2.77556e-17,1.00007
15,79,0.00349,1.249e-16,1.00006
16,79,0.00349,1.52656e-16,1.00005
17,79,0.00349,1.249e-16,1.00004
18,79,0.00349,2.498e-16,1.00003
19,79,0.00349,2.08167e-16,1.00002
20,79,0.00349,8.32667e-17,1.00001
21,79,0.00349,-1.38778e-17,1
1,80,0.00118,-1.52656e-16,1.0002
2,80,0.00118,-1.249e-16,1.00019
3,80,0.00118,-2.35922e-16,1.00018
4,80,0.00118,-2.77556e-17,1.00017
5,80,0.00118,-1.38778e-17,1.00016
6,80,0.00118,-5.55112e-17,1.00015
7,80,0.00118,-2.63678e-16,1.00014
8,80,0.00118,2.91434e-16,1.00013
9,80,0.00118,6.93889e-17,1.00012
10,80,0.00118,-2.77556e-17,1.00011
11,80,0.00118,-2.77556e-17,1.0001
12,80,0.00118,-4.16334e-17,1.00009
13,80,0.00118,0,1.00008
14,80,0.00118,1.249e-16,1.00007
15,80,0.00118,2.498e-16,1.00006
16,80,0.00118,3.33067e-16,1.00005
17,80,0.00118,4.57967e-16,1.00004
18,80,0.00118,1.38778e-17,1.00003
19,80,0.00118,1.11022e-16,1.00002
20,80,0.00118,1.38778e-17,1.00001
21,80,0.00118,-2.77556e-17,1
1,81,0,0,1.0002
2,81,0,0,0
3,81,0,0,0
4,81,0,0,0
5,81,0,0,0
6,81,0,0,0
7,81,0,0,0
8,81,0,0,0
9,81,0,0,0
10,81,0,0,0
11,81,0,0,0
12,81,0,0,0
13,81,0,0,0
14,81,0,0,0
15,81,0,0,0
16,81,0,0,0
17,81,0,0,0
18,81,0,0,0
19,81,0,0,0
20,81,0,0,0
21,81,0,0,1
