 VARIABLES= X,Y,con
 ZONE I=          61 ,J=          19 ,T=TT
           1           2   1.0000000000000000     
           2           2  0.98333330451023737     
           3           2  0.96666660909947666     
           4           2  0.94999991384650340     
           5           2  0.93333321882967057     
           6           2  0.91666652412668403     
           7           2  0.89999982981438964     
           8           2  0.88333313596856178     
           9           2  0.86666644266369697     
          10           2  0.84999974997280847     
          11           2  0.83333305796722712     
          12           2  0.81666636671640469     
          13           2  0.79999967628772517     
          14           2  0.78333298674631846     
          15           2  0.76666629815488230     
          16           2  0.74999961057351128     
          17           2  0.73333292405953110     
          18           2  0.71666623866734191     
          19           2  0.69999955444826911     
          20           2  0.68333287145042265     
          21           2  0.66666618971856506     
          22           2  0.64999950929398920     
          23           2  0.63333283021440434     
          24           2  0.61666615251383361     
          25           2  0.59999947622252003     
          26           2  0.58333280136684396     
          27           2  0.56666612796925131     
          28           2  0.54999945604819089     
          29           2  0.53333278561806452     
          30           2  0.51666611668918772     
          31           2  0.49999944926776091     
          32           2  0.48333278335585300     
          33           2  0.46666611895139515     
          34           2  0.44999945604818681     
          35           2  0.43333279463591268     
          36           2  0.41666613470017067     
          37           2  0.39999947622251197     
          38           2  0.38333281918049089     
          39           2  0.36666616354772719     
          40           2  0.34999950929397744     
          41           2  0.33333285638521887     
          42           2  0.31666620478374191     
          43           2  0.29999955444825410     
          44           2  0.28333290533399264     
          45           2  0.26666625739284766     
          46           2  0.24999961057349390     
          47           2  0.23333296482153115     
          48           2  0.21666632007963366     
          49           2  0.19999967628770715     
          50           2  0.18333303338305357     
          51           2  0.16666639130054284     
          52           2  0.14999974997279156     
          53           2  0.13333310933034750     
          54           2  0.11666646930188011     
          55           2   9.9999829814375912E-002
          56           2   8.3333190793338674E-002
          57           2   6.6666552162993678E-002
          58           2   4.9999913846495304E-002
          59           2   3.3333275766137711E-002
          60           2   1.6666637843567800E-002
          61           2   0.0000000000000000     
           1           3   1.0000000000000000     
           2           3  0.98333330452408751     
           3           3  0.96666660912713931     
           4           3  0.94999991388790250     
           5           3  0.93333321888469245     
           6           3  0.91666652419517825     
           7           3  0.89999982989616811     
           8           3  0.88333313606340080     
           9           3  0.86666644277133620     
          10           3  0.84999975009295314     
          11           3  0.83333305809954761     
          12           3  0.81666636686053862     
          13           3  0.79999967644327752     
          14           3  0.78333298691286246     
          15           3  0.76666629833196176     
          16           3  0.74999961076064081     
          17           3  0.73333292425619789     
          18           3  0.71666623887300696     
          19           3  0.69999955466236852     
          20           3  0.68333287167236956     
          21           3  0.66666618994775118     
          22           3  0.64999950952978636     
          23           3  0.63333283045616628     
          24           3  0.61666615276089742     
          25           3  0.59999947647420870     
          26           3  0.58333280162246781     
          27           3  0.56666612822810958     
          28           3  0.54999945630957392     
          29           3  0.53333278588125599     
          30           3  0.51666611695346620     
          31           3  0.49999944953240216     
          32           3  0.48333278362013155     
          33           3  0.46666611921458662     
          34           3  0.44999945630956989     
          35           3  0.43333279489477083     
          36           3  0.41666613495579452     
          37           3  0.39999947647420075     
          38           3  0.38333281942755482     
          39           3  0.36666616378948902     
          40           3  0.34999950952977454     
          41           3  0.33333285661440493     
          42           3  0.31666620500568876     
          43           3  0.29999955466235334     
          44           3  0.28333290553965751     
          45           3  0.26666625758951445     
          46           3  0.24999961076062349     
          47           3  0.23333296499861070     
          48           3  0.21666632024617774     
          49           3  0.19999967644325936     
          50           3  0.18333303352718747     
          51           3  0.16666639143286344     
          52           3  0.14999975009293617     
          53           3  0.13333310943798679     
          54           3  0.11666646939671904     
          55           3   9.9999829896154524E-002
          56           3   8.3333190861832870E-002
          57           3   6.6666552218015679E-002
          58           3   4.9999913887894314E-002
          59           3   3.3333275793800250E-002
          60           3   1.6666637857418051E-002
          61           3   0.0000000000000000     
           1           4   1.0000000000000000     
           2           4  0.98333330453630663     
           3           4  0.96666660915154368     
           4           4  0.94999991392442540     
           5           4  0.93333321893323395     
           6           4  0.91666652425560513     
           7           4  0.89999982996831496     
           8           4  0.88333313614706943     
           9           4  0.86666644286629768     
          10           4  0.84999975019894691     
          11           4  0.83333305821628345     
          12           4  0.81666636698769635     
          13           4  0.79999967658050852     
          14           4  0.78333298705979093     
          15           4  0.76666629848818479     
          16           4  0.74999961092573020     
          17           4  0.73333292442970122     
          18           4  0.71666623905444848     
          19           4  0.69999955485125109     
          20           4  0.68333287186817537     
          21           4  0.66666619014994366     
          22           4  0.64999950973781129     
          23           4  0.63333283066945323     
          24           4  0.61666615297886218     
          25           4  0.59999947669625353     
          26           4  0.58333280184798419     
          27           4  0.56666612845647935     
          28           4  0.54999945654017124     
          29           4  0.53333278611344870     
          30           4  0.51666611718661803     
          31           4  0.49999944976587385     
          32           4  0.48333278385328332     
          33           4  0.46666611944677938     
          34           4  0.44999945654016721     
          35           4  0.43333279512314071     
          36           4  0.41666613518131090     
          37           4  0.39999947669624558     
          38           4  0.38333281964551952     
          39           4  0.36666616400277602     
          40           4  0.34999950973779942     
          41           4  0.33333285681659736     
          42           4  0.31666620520149469     
          43           4  0.29999955485123597     
          44           4  0.28333290572109909     
          45           4  0.26666625776301778     
          46           4  0.24999961092571293     
          47           4  0.23333296515483376     
          48           4  0.21666632039310627     
          49           4  0.19999967658049056     
          50           4  0.18333303365434528     
          51           4  0.16666639154959928     
          52           4  0.14999975019893011     
          53           4  0.13333310953294830     
          54           4  0.11666646948038782     
          55           4   9.9999829968301257E-002
          56           4   8.3333190922259798E-002
          57           4   6.6666552266557183E-002
          58           4   4.9999913924417334E-002
          59           4   3.3333275818204694E-002
          60           4   1.6666637869637017E-002
          61           4   0.0000000000000000     
           1           5   1.0000000000000000     
           2           5  0.98333330454689505     
           3           5  0.96666660917269132     
           4           5  0.94999991395607442     
           5           5  0.93333321897529764     
           6           5  0.91666652430796824     
           7           5  0.89999983003083384     
           8           5  0.88333313621957288     
           9           5  0.86666644294858663     
          10           5  0.84999975029079611     
          11           5  0.83333305831744120     
          12           5  0.81666636709788520     
          13           5  0.79999967669942651     
          14           5  0.78333298718711208     
          15           5  0.76666629862356017     
          16           5  0.74999961106878876     
          17           5  0.73333292458005073     
          18           5  0.71666623921167716     
          19           5  0.69999955501492761     
          20           5  0.68333287203785142     
          21           5  0.66666619032515406     
          22           5  0.64999950991807554     
          23           5  0.63333283085427761     
          24           5  0.61666615316773976     
          25           5  0.59999947688866684     
          26           5  0.58333280204340587     
          27           5  0.56666612865437371     
          28           5  0.54999945673999573     
          29           5  0.53333278631465586     
          30           5  0.51666611738865609     
          31           5  0.49999944996818924     
          32           5  0.48333278405532143     
          33           5  0.46666611964798649     
          34           5  0.44999945673999175     
          35           5  0.43333279532103502     
          36           5  0.41666613537673264     
          37           5  0.39999947688865906     
          38           5  0.38333281983439721     
          39           5  0.36666616418760040     
          40           5  0.34999950991806372     
          41           5  0.33333285699180770     
          42           5  0.31666620537117063     
          43           5  0.29999955501491260     
          44           5  0.28333290587832771     
          45           5  0.26666625791336740     
          46           5  0.24999961106877155     
          47           5  0.23333296529020919     
          48           5  0.21666632052042750     
          49           5  0.19999967669940860     
          50           5  0.18333303376453414     
          51           5  0.16666639165075697     
          52           5  0.14999975029077939     
          53           5  0.13333310961523739     
          54           5  0.11666646955289120     
          55           5   9.9999830030820164E-002
          56           5   8.3333190974622884E-002
          57           5   6.6666552308620924E-002
          58           5   4.9999913956066448E-002
          59           5   3.3333275839352410E-002
          60           5   1.6666637880225387E-002
          61           5   0.0000000000000000     
           1           6   1.0000000000000000     
           2           6  0.98333330455585333     
           3           6  0.96666660919058356     
           4           6  0.94999991398285133     
           5           6  0.93333321901088606     
           6           6  0.91666652435227047     
           7           6  0.89999983008372852     
           8           6  0.88333313628091481     
           9           6  0.86666644301820805     
          10           6  0.84999975036850606     
          11           6  0.83333305840302629     
          12           6  0.81666636719111141     
          13           6  0.79999967680003803     
          14           6  0.78333298729483325     
          15           6  0.76666629873809578     
          16           6  0.74999961118982472     
          17           6  0.73333292470725531     
          18           6  0.71666623934470153     
          19           6  0.69999955515340750     
          20           6  0.68333287218140704     
          21           6  0.66666619047339204     
          22           6  0.64999951007058965     
          23           6  0.63333283101064963     
          24           6  0.61666615332754127     
          25           6  0.59999947705145973     
          26           6  0.58333280220874406     
          27           6  0.56666612882180378     
          28           6  0.54999945690905894     
          29           6  0.53333278648488869     
          30           6  0.51666611755959213     
          31           6  0.49999945013935981     
          32           6  0.48333278422625742     
          33           6  0.46666611981821937     
          34           6  0.44999945690905496     
          35           6  0.43333279548846515     
          36           6  0.41666613554207071     
          37           6  0.39999947705145189     
          38           6  0.38333281999419871     
          39           6  0.36666616434397242     
          40           6  0.34999951007057784     
          41           6  0.33333285714004574     
          42           6  0.31666620551472641     
          43           6  0.29999955515339249     
          44           6  0.28333290601135225     
          45           6  0.26666625804057198     
          46           6  0.24999961118980749     
          47           6  0.23333296540474469     
          48           6  0.21666632062814864     
          49           6  0.19999967680002012     
          50           6  0.18333303385776031     
          51           6  0.16666639173634229     
          52           6  0.14999975036848923     
          53           6  0.13333310968485879     
          54           6  0.11666646961423326     
          55           6   9.9999830083714797E-002
          56           6   8.3333191018925085E-002
          57           6   6.6666552344209304E-002
          58           6   4.9999913982843425E-002
          59           6   3.3333275857244611E-002
          60           6   1.6666637889183766E-002
          61           6   0.0000000000000000     
           1           7   1.0000000000000000     
           2           7  0.98333330456318235     
           3           7  0.96666660920522118     
           4           7  0.94999991400475758     
           5           7  0.93333321904000111     
           6           7  0.91666652438851426     
           7           7  0.89999983012700191     
           8           7  0.88333313633109922     
           9           7  0.86666644307516560     
          10           7  0.84999975043208076     
          11           7  0.83333305847304417     
          12           7  0.81666636726738029     
          13           7  0.79999967688234896     
          14           7  0.78333298738296053     
          15           7  0.76666629883179782     
          16           7  0.74999961128884474     
          17           7  0.73333292481132195     
          18           7  0.71666623945352959     
          19           7  0.69999955526669866     
          20           7  0.68333287229885076     
          21           7  0.66666619059466625     
          22           7  0.64999951019536206     
          23           7  0.63333283113857841     
          24           7  0.61666615345827569     
          25           7  0.59999947718464153     
          26           7  0.58333280234400786     
          27           7  0.56666612895877910     
          28           7  0.54999945704737030     
          29           7  0.53333278662415706     
          30           7  0.51666611769943560     
          31           7  0.49999945027939530     
          32           7  0.48333278436610094     
          33           7  0.46666611995748775     
          34           7  0.44999945704736632     
          35           7  0.43333279562544047     
          36           7  0.41666613567733457     
          37           7  0.39999947718463352     
          38           7  0.38333282012493308     
          39           7  0.36666616447190126     
          40           7  0.34999951019535036     
          41           7  0.33333285726132000     
          42           7  0.31666620563216996     
          43           7  0.29999955526668354     
          44           7  0.28333290612018025     
          45           7  0.26666625814463862     
          46           7  0.24999961128882744     
          47           7  0.23333296549844670     
          48           7  0.21666632071627581     
          49           7  0.19999967688233092     
          50           7  0.18333303393402911     
          51           7  0.16666639180636000     
          52           7  0.14999975043206398     
          53           7  0.13333310974181631     
          54           7  0.11666646966441749     
          55           7   9.9999830126988140E-002
          56           7   8.3333191055168940E-002
          57           7   6.6666552373324306E-002
          58           7   4.9999914004749804E-002
          59           7   3.3333275871882312E-002
          60           7   1.6666637896512654E-002
          61           7   0.0000000000000000     
           1           8   1.0000000000000000     
           2           8  0.98333330456888213     
           3           8  0.96666660921660530     
           4           8  0.94999991402179473     
           5           8  0.93333321906264421     
           6           8  0.91666652441670182     
           7           8  0.89999983016065621     
           8           8  0.88333313637012822     
           9           8  0.86666644311946262     
          10           8  0.84999975048152421     
          11           8  0.83333305852749828     
          12           8  0.81666636732669606     
          13           8  0.79999967694636365     
          14           8  0.78333298745149871     
          15           8  0.76666629890467164     
          16           8  0.74999961136585458     
          17           8  0.73333292489225654     
          18           8  0.71666623953816722     
          19           8  0.69999955535480729     
          20           8  0.68333287239018881     
          21           8  0.66666619068898358     
          22           8  0.64999951029240011     
          23           8  0.63333283123807105     
          24           8  0.61666615355995036     
          25           8  0.59999947728821934     
          26           8  0.58333280244920516     
          27           8  0.56666612906530744     
          28           8  0.54999945715493770     
          29           8  0.53333278673246864     
          30           8  0.51666611780819471     
          31           8  0.49999945038830351     
          32           8  0.48333278447486000     
          33           8  0.46666612006579938     
          34           8  0.44999945715493378     
          35           8  0.43333279573196881     
          36           8  0.41666613578253187     
          37           8  0.39999947728821139     
          38           8  0.38333282022660770     
          39           8  0.36666616457139378     
          40           8  0.34999951029238829     
          41           8  0.33333285735563722     
          42           8  0.31666620572350812     
          43           8  0.29999955535479217     
          44           8  0.28333290620481788     
          45           8  0.26666625822557322     
          46           8  0.24999961136583723     
          47           8  0.23333296557132055     
          48           8  0.21666632078481399     
          49           8  0.19999967694634557     
          50           8  0.18333303399334477     
          51           8  0.16666639186081414     
          52           8  0.14999975048150727     
          53           8  0.13333310978611329     
          54           8  0.11666646970344668     
          55           8   9.9999830160642636E-002
          56           8   8.3333191083356475E-002
          57           8   6.6666552395967610E-002
          58           8   4.9999914021786801E-002
          59           8   3.3333275883266317E-002
          60           8   1.6666637902212469E-002
          61           8   0.0000000000000000     
           1           9   1.0000000000000000     
           2           9  0.98333330457295320     
           3           9  0.96666660922473624     
           4           9  0.94999991403396333     
           5           9  0.93333321907881728     
           6           9  0.91666652443683450     
           7           9  0.89999983018469376     
           8           9  0.88333313639800470     
           9           9  0.86666644315110164     
          10           9  0.84999975051683885     
          11           9  0.83333305856639195     
          12           9  0.81666636736906195     
          13           9  0.79999967699208585     
          14           9  0.78333298750045177     
          15           9  0.76666629895672134     
          16           9  0.74999961142085825     
          17           9  0.73333292495006364     
          18           9  0.71666623959861919     
          19           9  0.69999955541773839     
          20           9  0.68333287245542684     
          21           9  0.66666619075634936     
          22           9  0.64999951036170900     
          23           9  0.63333283130913320     
          24           9  0.61666615363257093     
          25           9  0.59999947736219950     
          26           9  0.58333280252434183     
          27           9  0.56666612914139480     
          28           9  0.54999945723176724     
          29           9  0.53333278680982976     
          30           9  0.51666611788587524     
          31           9  0.49999945046609084     
          32           9  0.48333278455254064     
          33           9  0.46666612014316045     
          34           9  0.44999945723176332     
          35           9  0.43333279580805617     
          36           9  0.41666613585766854     
          37           9  0.39999947736219144     
          38           9  0.38333282029922833     
          39           9  0.36666616464245594     
          40           9  0.34999951036169719     
          41           9  0.33333285742300300     
          42           9  0.31666620578874594     
          43           9  0.29999955541772333     
          44           9  0.28333290626526986     
          45           9  0.26666625828338031     
          46           9  0.24999961142084107     
          47           9  0.23333296562337030     
          48           9  0.21666632083376702     
          49           9  0.19999967699206772     
          50           9  0.18333303403571075     
          51           9  0.16666639189970772     
          52           9  0.14999975051682191     
          53           9  0.13333310981775215     
          54           9  0.11666646973132314     
          55           9   9.9999830184680200E-002
          56           9   8.3333191103489287E-002
          57           9   6.6666552412140465E-002
          58           9   4.9999914033955394E-002
          59           9   3.3333275891397285E-002
          60           9   1.6666637906283536E-002
          61           9   0.0000000000000000     
           1          10   1.0000000000000000     
           2          10  0.98333330457539581     
           3          10  0.96666660922961467     
           4          10  0.94999991404126427     
           5          10  0.93333321908852052     
           6          10  0.91666652444891372     
           7          10  0.89999983019911567     
           8          10  0.88333313641472988     
           9          10  0.86666644317008412     
          10          10  0.84999975053802690     
          11          10  0.83333305858972717     
          12          10  0.81666636739448051     
          13          10  0.79999967701951813     
          14          10  0.78333298752982250     
          15          10  0.76666629898795002     
          16          10  0.74999961145385940     
          17          10  0.73333292498474667     
          18          10  0.71666623963488907     
          19          10  0.69999955545549575     
          20          10  0.68333287249456787     
          21          10  0.66666619079676726     
          22          10  0.64999951040329274     
          23          10  0.63333283135176888     
          24          10  0.61666615367614164     
          25          10  0.59999947740658577     
          26          10  0.58333280256942210     
          27          10  0.56666612918704540     
          28          10  0.54999945727786326     
          29          10  0.53333278685624463     
          30          10  0.51666611793248185     
          31          10  0.49999945051276129     
          32          10  0.48333278459914719     
          33          10  0.46666612018957532     
          34          10  0.44999945727785928     
          35          10  0.43333279585370682     
          36          10  0.41666613590274881     
          37          10  0.39999947740657782     
          38          10  0.38333282034279903     
          39          10  0.36666616468509172     
          40          10  0.34999951040328092     
          41          10  0.33333285746342090     
          42          10  0.31666620582788718     
          43          10  0.29999955545548057     
          44          10  0.28333290630153968     
          45          10  0.26666625831806334     
          46          10  0.24999961145384214     
          47          10  0.23333296565459899     
          48          10  0.21666632086313775     
          49          10  0.19999967701950000     
          50          10  0.18333303406112933     
          51          10  0.16666639192304300     
          52          10  0.14999975053800990     
          53          10  0.13333310983673480     
          54          10  0.11666646974804837     
          55          10   9.9999830199102205E-002
          56          10   8.3333191115568500E-002
          57          10   6.6666552421843828E-002
          58          10   4.9999914041256283E-002
          59          10   3.3333275896275688E-002
          60          10   1.6666637908726085E-002
          61          10   0.0000000000000000     
           1          11   1.0000000000000000     
           2          11  0.98333330457620993     
           3          11  0.96666660923124070     
           4          11  0.94999991404369777     
           5          11  0.93333321909175493     
           6          11  0.91666652445293995     
           7          11  0.89999983020392282     
           8          11  0.88333313642030487     
           9          11  0.86666644317641162     
          10          11  0.84999975054508925     
          11          11  0.83333305859750550     
          12          11  0.81666636740295329     
          13          11  0.79999967702866204     
          14          11  0.78333298753961245     
          15          11  0.76666629899835947     
          16          11  0.74999961146485949     
          17          11  0.73333292499630753     
          18          11  0.71666623964697873     
          19          11  0.69999955546808124     
          20          11  0.68333287250761487     
          21          11  0.66666619081023959     
          22          11  0.64999951041715376     
          23          11  0.63333283136598051     
          24          11  0.61666615369066502     
          25          11  0.59999947742138093     
          26          11  0.58333280258444864     
          27          11  0.56666612920226211     
          28          11  0.54999945729322819     
          29          11  0.53333278687171592     
          30          11  0.51666611794801698     
          31          11  0.49999945052831790     
          32          11  0.48333278461468238     
          33          11  0.46666612020504672     
          34          11  0.44999945729322433     
          35          11  0.43333279586892354     
          36          11  0.41666613591777529     
          37          11  0.39999947742137298     
          38          11  0.38333282035732236     
          39          11  0.36666616469930324     
          40          11  0.34999951041714195     
          41          11  0.33333285747689323     
          42          11  0.31666620584093408     
          43          11  0.29999955546806611     
          44          11  0.28333290631362945     
          45          11  0.26666625832962415     
          46          11  0.24999961146484229     
          47          11  0.23333296566500838     
          48          11  0.21666632087292781     
          49          11  0.19999967702864391     
          50          11  0.18333303406960205     
          51          11  0.16666639193082128     
          52          11  0.14999975054507242     
          53          11  0.13333310984306224     
          54          11  0.11666646975362334     
          55          11   9.9999830203909429E-002
          56          11   8.3333191119594835E-002
          57          11   6.6666552425078213E-002
          58          11   4.9999914043689864E-002
          59          11   3.3333275897901797E-002
          60          11   1.6666637909540254E-002
          61          11   0.0000000000000000     
           1          12   1.0000000000000000     
           2          12  0.98333330457539569     
           3          12  0.96666660922961467     
           4          12  0.94999991404126427     
           5          12  0.93333321908852052     
           6          12  0.91666652444891361     
           7          12  0.89999983019911567     
           8          12  0.88333313641472988     
           9          12  0.86666644317008412     
          10          12  0.84999975053802679     
          11          12  0.83333305858972717     
          12          12  0.81666636739448051     
          13          12  0.79999967701951813     
          14          12  0.78333298752982250     
          15          12  0.76666629898795013     
          16          12  0.74999961145385940     
          17          12  0.73333292498474667     
          18          12  0.71666623963488907     
          19          12  0.69999955545549575     
          20          12  0.68333287249456809     
          21          12  0.66666619079676726     
          22          12  0.64999951040329274     
          23          12  0.63333283135176888     
          24          12  0.61666615367614164     
          25          12  0.59999947740658577     
          26          12  0.58333280256942222     
          27          12  0.56666612918704551     
          28          12  0.54999945727786315     
          29          12  0.53333278685624463     
          30          12  0.51666611793248185     
          31          12  0.49999945051276129     
          32          12  0.48333278459914719     
          33          12  0.46666612018957537     
          34          12  0.44999945727785934     
          35          12  0.43333279585370688     
          36          12  0.41666613590274881     
          37          12  0.39999947740657782     
          38          12  0.38333282034279909     
          39          12  0.36666616468509172     
          40          12  0.34999951040328098     
          41          12  0.33333285746342095     
          42          12  0.31666620582788718     
          43          12  0.29999955545548063     
          44          12  0.28333290630153973     
          45          12  0.26666625831806334     
          46          12  0.24999961145384217     
          47          12  0.23333296565459899     
          48          12  0.21666632086313775     
          49          12  0.19999967701949997     
          50          12  0.18333303406112933     
          51          12  0.16666639192304300     
          52          12  0.14999975053800990     
          53          12  0.13333310983673480     
          54          12  0.11666646974804837     
          55          12   9.9999830199102205E-002
          56          12   8.3333191115568500E-002
          57          12   6.6666552421843828E-002
          58          12   4.9999914041256290E-002
          59          12   3.3333275896275688E-002
          60          12   1.6666637908726085E-002
          61          12   0.0000000000000000     
           1          13   1.0000000000000000     
           2          13  0.98333330457295320     
           3          13  0.96666660922473624     
           4          13  0.94999991403396333     
           5          13  0.93333321907881717     
           6          13  0.91666652443683450     
           7          13  0.89999983018469376     
           8          13  0.88333313639800459     
           9          13  0.86666644315110142     
          10          13  0.84999975051683874     
          11          13  0.83333305856639195     
          12          13  0.81666636736906195     
          13          13  0.79999967699208574     
          14          13  0.78333298750045177     
          15          13  0.76666629895672134     
          16          13  0.74999961142085825     
          17          13  0.73333292495006375     
          18          13  0.71666623959861919     
          19          13  0.69999955541773839     
          20          13  0.68333287245542673     
          21          13  0.66666619075634925     
          22          13  0.64999951036170889     
          23          13  0.63333283130913332     
          24          13  0.61666615363257093     
          25          13  0.59999947736219950     
          26          13  0.58333280252434194     
          27          13  0.56666612914139480     
          28          13  0.54999945723176724     
          29          13  0.53333278680982976     
          30          13  0.51666611788587513     
          31          13  0.49999945046609079     
          32          13  0.48333278455254058     
          33          13  0.46666612014316045     
          34          13  0.44999945723176338     
          35          13  0.43333279580805623     
          36          13  0.41666613585766854     
          37          13  0.39999947736219149     
          38          13  0.38333282029922838     
          39          13  0.36666616464245605     
          40          13  0.34999951036169719     
          41          13  0.33333285742300300     
          42          13  0.31666620578874594     
          43          13  0.29999955541772338     
          44          13  0.28333290626526991     
          45          13  0.26666625828338036     
          46          13  0.24999961142084107     
          47          13  0.23333296562337033     
          48          13  0.21666632083376705     
          49          13  0.19999967699206772     
          50          13  0.18333303403571072     
          51          13  0.16666639189970772     
          52          13  0.14999975051682191     
          53          13  0.13333310981775218     
          54          13  0.11666646973132314     
          55          13   9.9999830184680200E-002
          56          13   8.3333191103489274E-002
          57          13   6.6666552412140478E-002
          58          13   4.9999914033955400E-002
          59          13   3.3333275891397292E-002
          60          13   1.6666637906283536E-002
          61          13   0.0000000000000000     
           1          14   1.0000000000000000     
           2          14  0.98333330456888202     
           3          14  0.96666660921660530     
           4          14  0.94999991402179473     
           5          14  0.93333321906264421     
           6          14  0.91666652441670171     
           7          14  0.89999983016065621     
           8          14  0.88333313637012822     
           9          14  0.86666644311946262     
          10          14  0.84999975048152410     
          11          14  0.83333305852749839     
          12          14  0.81666636732669606     
          13          14  0.79999967694636354     
          14          14  0.78333298745149860     
          15          14  0.76666629890467153     
          16          14  0.74999961136585458     
          17          14  0.73333292489225654     
          18          14  0.71666623953816710     
          19          14  0.69999955535480729     
          20          14  0.68333287239018881     
          21          14  0.66666619068898358     
          22          14  0.64999951029240000     
          23          14  0.63333283123807116     
          24          14  0.61666615355995025     
          25          14  0.59999947728821934     
          26          14  0.58333280244920516     
          27          14  0.56666612906530744     
          28          14  0.54999945715493781     
          29          14  0.53333278673246864     
          30          14  0.51666611780819460     
          31          14  0.49999945038830362     
          32          14  0.48333278447486000     
          33          14  0.46666612006579944     
          34          14  0.44999945715493378     
          35          14  0.43333279573196887     
          36          14  0.41666613578253192     
          37          14  0.39999947728821150     
          38          14  0.38333282022660770     
          39          14  0.36666616457139389     
          40          14  0.34999951029238829     
          41          14  0.33333285735563728     
          42          14  0.31666620572350812     
          43          14  0.29999955535479217     
          44          14  0.28333290620481788     
          45          14  0.26666625822557322     
          46          14  0.24999961136583723     
          47          14  0.23333296557132055     
          48          14  0.21666632078481399     
          49          14  0.19999967694634557     
          50          14  0.18333303399334477     
          51          14  0.16666639186081411     
          52          14  0.14999975048150727     
          53          14  0.13333310978611326     
          54          14  0.11666646970344670     
          55          14   9.9999830160642650E-002
          56          14   8.3333191083356462E-002
          57          14   6.6666552395967610E-002
          58          14   4.9999914021786801E-002
          59          14   3.3333275883266310E-002
          60          14   1.6666637902212469E-002
          61          14   0.0000000000000000     
           1          15   1.0000000000000000     
           2          15  0.98333330456318235     
           3          15  0.96666660920522118     
           4          15  0.94999991400475758     
           5          15  0.93333321904000099     
           6          15  0.91666652438851415     
           7          15  0.89999983012700180     
           8          15  0.88333313633109911     
           9          15  0.86666644307516560     
          10          15  0.84999975043208087     
          11          15  0.83333305847304429     
          12          15  0.81666636726738040     
          13          15  0.79999967688234896     
          14          15  0.78333298738296042     
          15          15  0.76666629883179782     
          16          15  0.74999961128884474     
          17          15  0.73333292481132184     
          18          15  0.71666623945352959     
          19          15  0.69999955526669855     
          20          15  0.68333287229885076     
          21          15  0.66666619059466636     
          22          15  0.64999951019536228     
          23          15  0.63333283113857841     
          24          15  0.61666615345827569     
          25          15  0.59999947718464142     
          26          15  0.58333280234400786     
          27          15  0.56666612895877910     
          28          15  0.54999945704737041     
          29          15  0.53333278662415706     
          30          15  0.51666611769943571     
          31          15  0.49999945027939535     
          32          15  0.48333278436610105     
          33          15  0.46666611995748769     
          34          15  0.44999945704736644     
          35          15  0.43333279562544053     
          36          15  0.41666613567733457     
          37          15  0.39999947718463347     
          38          15  0.38333282012493308     
          39          15  0.36666616447190126     
          40          15  0.34999951019535036     
          41          15  0.33333285726132000     
          42          15  0.31666620563216996     
          43          15  0.29999955526668354     
          44          15  0.28333290612018031     
          45          15  0.26666625814463862     
          46          15  0.24999961128882744     
          47          15  0.23333296549844670     
          48          15  0.21666632071627584     
          49          15  0.19999967688233092     
          50          15  0.18333303393402911     
          51          15  0.16666639180636000     
          52          15  0.14999975043206396     
          53          15  0.13333310974181631     
          54          15  0.11666646966441747     
          55          15   9.9999830126988140E-002
          56          15   8.3333191055168954E-002
          57          15   6.6666552373324306E-002
          58          15   4.9999914004749797E-002
          59          15   3.3333275871882298E-002
          60          15   1.6666637896512650E-002
          61          15   0.0000000000000000     
           1          16   1.0000000000000000     
           2          16  0.98333330455585333     
           3          16  0.96666660919058356     
           4          16  0.94999991398285122     
           5          16  0.93333321901088617     
           6          16  0.91666652435227036     
           7          16  0.89999983008372841     
           8          16  0.88333313628091481     
           9          16  0.86666644301820805     
          10          16  0.84999975036850595     
          11          16  0.83333305840302652     
          12          16  0.81666636719111163     
          13          16  0.79999967680003814     
          14          16  0.78333298729483336     
          15          16  0.76666629873809578     
          16          16  0.74999961118982472     
          17          16  0.73333292470725542     
          18          16  0.71666623934470164     
          19          16  0.69999955515340762     
          20          16  0.68333287218140715     
          21          16  0.66666619047339215     
          22          16  0.64999951007058976     
          23          16  0.63333283101064974     
          24          16  0.61666615332754138     
          25          16  0.59999947705145984     
          26          16  0.58333280220874395     
          27          16  0.56666612882180378     
          28          16  0.54999945690905894     
          29          16  0.53333278648488869     
          30          16  0.51666611755959213     
          31          16  0.49999945013935987     
          32          16  0.48333278422625742     
          33          16  0.46666611981821937     
          34          16  0.44999945690905502     
          35          16  0.43333279548846515     
          36          16  0.41666613554207066     
          37          16  0.39999947705145189     
          38          16  0.38333281999419871     
          39          16  0.36666616434397248     
          40          16  0.34999951007057778     
          41          16  0.33333285714004574     
          42          16  0.31666620551472635     
          43          16  0.29999955515339249     
          44          16  0.28333290601135230     
          45          16  0.26666625804057198     
          46          16  0.24999961118980749     
          47          16  0.23333296540474471     
          48          16  0.21666632062814864     
          49          16  0.19999967680002012     
          50          16  0.18333303385776031     
          51          16  0.16666639173634229     
          52          16  0.14999975036848920     
          53          16  0.13333310968485873     
          54          16  0.11666646961423327     
          55          16   9.9999830083714825E-002
          56          16   8.3333191018925099E-002
          57          16   6.6666552344209304E-002
          58          16   4.9999913982843425E-002
          59          16   3.3333275857244611E-002
          60          16   1.6666637889183763E-002
          61          16   0.0000000000000000     
           1          17   1.0000000000000000     
           2          17  0.98333330454689505     
           3          17  0.96666660917269132     
           4          17  0.94999991395607442     
           5          17  0.93333321897529764     
           6          17  0.91666652430796836     
           7          17  0.89999983003083373     
           8          17  0.88333313621957288     
           9          17  0.86666644294858686     
          10          17  0.84999975029079633     
          11          17  0.83333305831744120     
          12          17  0.81666636709788532     
          13          17  0.79999967669942662     
          14          17  0.78333298718711220     
          15          17  0.76666629862356039     
          16          17  0.74999961106878876     
          17          17  0.73333292458005084     
          18          17  0.71666623921167716     
          19          17  0.69999955501492772     
          20          17  0.68333287203785142     
          21          17  0.66666619032515406     
          22          17  0.64999950991807565     
          23          17  0.63333283085427772     
          24          17  0.61666615316773987     
          25          17  0.59999947688866695     
          26          17  0.58333280204340587     
          27          17  0.56666612865437371     
          28          17  0.54999945673999573     
          29          17  0.53333278631465586     
          30          17  0.51666611738865609     
          31          17  0.49999944996818924     
          32          17  0.48333278405532143     
          33          17  0.46666611964798654     
          34          17  0.44999945673999187     
          35          17  0.43333279532103502     
          36          17  0.41666613537673258     
          37          17  0.39999947688865900     
          38          17  0.38333281983439721     
          39          17  0.36666616418760034     
          40          17  0.34999950991806367     
          41          17  0.33333285699180759     
          42          17  0.31666620537117057     
          43          17  0.29999955501491254     
          44          17  0.28333290587832777     
          45          17  0.26666625791336745     
          46          17  0.24999961106877158     
          47          17  0.23333296529020925     
          48          17  0.21666632052042747     
          49          17  0.19999967669940860     
          50          17  0.18333303376453416     
          51          17  0.16666639165075703     
          52          17  0.14999975029077939     
          53          17  0.13333310961523739     
          54          17  0.11666646955289123     
          55          17   9.9999830030820205E-002
          56          17   8.3333190974622898E-002
          57          17   6.6666552308620938E-002
          58          17   4.9999913956066455E-002
          59          17   3.3333275839352416E-002
          60          17   1.6666637880225391E-002
          61          17   0.0000000000000000     
           1          18   1.0000000000000000     
           2          18  0.98333330453630663     
           3          18  0.96666660915154368     
           4          18  0.94999991392442529     
           5          18  0.93333321893323407     
           6          18  0.91666652425560502     
           7          18  0.89999982996831485     
           8          18  0.88333313614706943     
           9          18  0.86666644286629779     
          10          18  0.84999975019894713     
          11          18  0.83333305821628356     
          12          18  0.81666636698769646     
          13          18  0.79999967658050863     
          14          18  0.78333298705979104     
          15          18  0.76666629848818491     
          16          18  0.74999961092573031     
          17          18  0.73333292442970122     
          18          18  0.71666623905444848     
          19          18  0.69999955485125098     
          20          18  0.68333287186817537     
          21          18  0.66666619014994377     
          22          18  0.64999950973781140     
          23          18  0.63333283066945345     
          24          18  0.61666615297886218     
          25          18  0.59999947669625353     
          26          18  0.58333280184798419     
          27          18  0.56666612845647935     
          28          18  0.54999945654017124     
          29          18  0.53333278611344870     
          30          18  0.51666611718661803     
          31          18  0.49999944976587390     
          32          18  0.48333278385328332     
          33          18  0.46666611944677938     
          34          18  0.44999945654016726     
          35          18  0.43333279512314066     
          36          18  0.41666613518131096     
          37          18  0.39999947669624558     
          38          18  0.38333281964551946     
          39          18  0.36666616400277596     
          40          18  0.34999950973779925     
          41          18  0.33333285681659730     
          42          18  0.31666620520149463     
          43          18  0.29999955485123592     
          44          18  0.28333290572109915     
          45          18  0.26666625776301778     
          46          18  0.24999961092571299     
          47          18  0.23333296515483379     
          48          18  0.21666632039310629     
          49          18  0.19999967658049056     
          50          18  0.18333303365434528     
          51          18  0.16666639154959928     
          52          18  0.14999975019893008     
          53          18  0.13333310953294830     
          54          18  0.11666646948038785     
          55          18   9.9999829968301285E-002
          56          18   8.3333190922259812E-002
          57          18   6.6666552266557211E-002
          58          18   4.9999913924417355E-002
          59          18   3.3333275818204701E-002
          60          18   1.6666637869637020E-002
          61          18   0.0000000000000000     
           1          19   1.0000000000000000     
           2          19  0.98333330452408763     
           3          19  0.96666660912713909     
           4          19  0.94999991388790217     
           5          19  0.93333321888469234     
           6          19  0.91666652419517813     
           7          19  0.89999982989616811     
           8          19  0.88333313606340069     
           9          19  0.86666644277133620     
          10          19  0.84999975009295303     
          11          19  0.83333305809954761     
          12          19  0.81666636686053862     
          13          19  0.79999967644327741     
          14          19  0.78333298691286246     
          15          19  0.76666629833196187     
          16          19  0.74999961076064092     
          17          19  0.73333292425619789     
          18          19  0.71666623887300696     
          19          19  0.69999955466236852     
          20          19  0.68333287167236956     
          21          19  0.66666618994775129     
          22          19  0.64999950952978658     
          23          19  0.63333283045616651     
          24          19  0.61666615276089753     
          25          19  0.59999947647420881     
          26          19  0.58333280162246792     
          27          19  0.56666612822810958     
          28          19  0.54999945630957392     
          29          19  0.53333278588125599     
          30          19  0.51666611695346631     
          31          19  0.49999944953240222     
          32          19  0.48333278362013166     
          33          19  0.46666611921458678     
          34          19  0.44999945630956995     
          35          19  0.43333279489477095     
          36          19  0.41666613495579458     
          37          19  0.39999947647420081     
          38          19  0.38333281942755487     
          39          19  0.36666616378948896     
          40          19  0.34999950952977449     
          41          19  0.33333285661440487     
          42          19  0.31666620500568876     
          43          19  0.29999955466235340     
          44          19  0.28333290553965751     
          45          19  0.26666625758951451     
          46          19  0.24999961076062355     
          47          19  0.23333296499861070     
          48          19  0.21666632024617777     
          49          19  0.19999967644325936     
          50          19  0.18333303352718747     
          51          19  0.16666639143286349     
          52          19  0.14999975009293617     
          53          19  0.13333310943798682     
          54          19  0.11666646939671906     
          55          19   9.9999829896154566E-002
          56          19   8.3333190861832884E-002
          57          19   6.6666552218015707E-002
          58          19   4.9999913887894328E-002
          59          19   3.3333275793800257E-002
          60          19   1.6666637857418048E-002
          61          19   0.0000000000000000     
           1          20   1.0000000000000000     
           2          20  0.98333330451023737     
           3          20  0.96666660909947644     
           4          20  0.94999991384650317     
           5          20  0.93333321882967035     
           6          20  0.91666652412668392     
           7          20  0.89999982981438942     
           8          20  0.88333313596856178     
           9          20  0.86666644266369686     
          10          20  0.84999974997280847     
          11          20  0.83333305796722690     
          12          20  0.81666636671640469     
          13          20  0.79999967628772517     
          14          20  0.78333298674631846     
          15          20  0.76666629815488230     
          16          20  0.74999961057351128     
          17          20  0.73333292405953121     
          18          20  0.71666623866734203     
          19          20  0.69999955444826922     
          20          20  0.68333287145042276     
          21          20  0.66666618971856539     
          22          20  0.64999950929398953     
          23          20  0.63333283021440467     
          24          20  0.61666615251383383     
          25          20  0.59999947622252003     
          26          20  0.58333280136684407     
          27          20  0.56666612796925142     
          28          20  0.54999945604819100     
          29          20  0.53333278561806452     
          30          20  0.51666611668918772     
          31          20  0.49999944926776102     
          32          20  0.48333278335585306     
          33          20  0.46666611895139526     
          34          20  0.44999945604818692     
          35          20  0.43333279463591279     
          36          20  0.41666613470017083     
          37          20  0.39999947622251203     
          38          20  0.38333281918049100     
          39          20  0.36666616354772719     
          40          20  0.34999950929397750     
          41          20  0.33333285638521887     
          42          20  0.31666620478374197     
          43          20  0.29999955444825410     
          44          20  0.28333290533399264     
          45          20  0.26666625739284772     
          46          20  0.24999961057349396     
          47          20  0.23333296482153115     
          48          20  0.21666632007963366     
          49          20  0.19999967628770715     
          50          20  0.18333303338305354     
          51          20  0.16666639130054287     
          52          20  0.14999974997279156     
          53          20  0.13333310933034753     
          54          20  0.11666646930188013     
          55          20   9.9999829814375912E-002
          56          20   8.3333190793338702E-002
          57          20   6.6666552162993692E-002
          58          20   4.9999913846495311E-002
          59          20   3.3333275766137711E-002
          60          20   1.6666637843567797E-002
          61          20   0.0000000000000000     
